test_loss,accuracy,f1score,precision,recall,accuracy_per_0,accuracy_per_1,accuracy_per_2,accuracy_per_3,accuracy_per_4,accuracy_per_5,accuracy_per_6,accuracy_per_7,accuracy_per_8,accuracy_per_9,node_id,epoch
2.275817118192974,0.20725388601036268,0.08583690987124463,0.05181347150259067,0.25,0.0,0.0,1.0,0.0,nan,nan,nan,nan,nan,nan,4,0
2.33866810798645,0.0,0.0,0.0,0.0,nan,nan,nan,nan,nan,nan,nan,0.0,0.0,0.0,21,0
2.2734775668696354,0.22586206896551725,0.09212376933895922,0.05646551724137931,0.25,0.0,0.0,1.0,0.0,nan,nan,nan,nan,nan,nan,9,0
2.2748706089822868,0.24352331606217617,0.09791666666666667,0.06088082901554404,0.25,0.0,0.0,1.0,0.0,nan,nan,nan,nan,nan,nan,0,0
2.3410678572124906,0.0,0.0,0.0,0.0,nan,nan,nan,nan,nan,nan,nan,0.0,0.0,0.0,24,0
2.2767642868889704,0.22086956521739132,0.09045584045584046,0.05521739130434783,0.25,0.0,0.0,1.0,0.0,nan,nan,nan,nan,nan,nan,8,0
2.3352554904090033,0.0,0.0,0.0,0.0,nan,nan,nan,nan,nan,nan,nan,0.0,0.0,0.0,26,0
2.333059893714057,0.0,0.0,0.0,0.0,nan,nan,nan,nan,nan,nan,nan,0.0,0.0,0.0,25,0
2.3429152965545654,0.0,0.0,0.0,0.0,nan,nan,nan,nan,nan,nan,nan,0.0,0.0,0.0,27,0
2.3176033761766224,0.0,0.0,0.0,0.0,nan,nan,nan,nan,0.0,0.0,0.0,nan,nan,nan,16,0
2.2770863708696867,0.22010398613518198,0.09019886363636363,0.055025996533795495,0.25,0.0,0.0,1.0,0.0,nan,nan,nan,nan,nan,nan,7,0
2.31895112991333,0.0,0.0,0.0,0.0,nan,nan,nan,nan,0.0,0.0,0.0,nan,nan,nan,10,0
2.314530438847012,0.0,0.0,0.0,0.0,nan,nan,nan,nan,0.0,0.0,0.0,nan,nan,nan,15,0
2.3168166081110635,0.0,0.0,0.0,0.0,nan,nan,nan,nan,0.0,0.0,0.0,nan,nan,nan,17,0
2.339664406246609,0.0,0.0,0.0,0.0,nan,nan,nan,nan,nan,nan,nan,0.0,0.0,0.0,23,0
2.3337800767686634,0.0,0.0,0.0,0.0,nan,nan,nan,nan,nan,nan,nan,0.0,0.0,0.0,20,0
2.3149089680777655,0.0,0.0,0.0,0.0,nan,nan,nan,nan,0.0,0.0,0.0,nan,nan,nan,11,0
2.339954376220703,0.0,0.0,0.0,0.0,nan,nan,nan,nan,nan,nan,nan,0.0,0.0,0.0,28,0
2.276048011249966,0.2309027777777778,0.09379407616361073,0.05772569444444445,0.25,0.0,0.0,1.0,0.0,nan,nan,nan,nan,nan,nan,3,0
2.3174366553624473,0.0,0.0,0.0,0.0,nan,nan,nan,nan,0.0,0.0,0.0,nan,nan,nan,12,0
2.2733515438280607,0.2396551724137931,0.09666203059805285,0.05991379310344828,0.25,0.0,0.0,1.0,0.0,nan,nan,nan,nan,nan,nan,5,0
2.317855848206414,0.0,0.0,0.0,0.0,nan,nan,nan,nan,0.0,0.0,0.0,nan,nan,nan,18,0
2.3165279626846313,0.0,0.0,0.0,0.0,nan,nan,nan,nan,0.0,0.0,0.0,nan,nan,nan,19,0
2.2748149947116247,0.2668977469670711,0.10533515731874145,0.06672443674176777,0.25,0.0,0.0,1.0,0.0,nan,nan,nan,nan,nan,nan,1,0
2.341543330086602,0.0,0.0,0.0,0.0,nan,nan,nan,nan,nan,nan,nan,0.0,0.0,0.0,22,0
2.3192285696665444,0.0,0.0,0.0,0.0,nan,nan,nan,nan,0.0,0.0,0.0,nan,nan,nan,14,0
2.2734590455105432,0.25301204819277107,0.10096153846153846,0.06325301204819277,0.25,0.0,0.0,1.0,0.0,nan,nan,nan,nan,nan,nan,2,0
2.2688345407184802,0.28422876949740034,0.1106612685560054,0.07105719237435008,0.25,0.0,0.0,1.0,0.0,nan,nan,nan,nan,nan,nan,6,0
2.3371109697553845,0.0,0.0,0.0,0.0,nan,nan,nan,nan,nan,nan,nan,0.0,0.0,0.0,29,0
2.319226211971707,0.0,0.0,0.0,0.0,nan,nan,nan,nan,0.0,0.0,0.0,nan,nan,nan,13,0
1.0886099073621962,0.34210526315789475,0.1699346405228758,0.11403508771929825,0.3333333333333333,nan,nan,nan,nan,1.0,0.0,0.0,nan,nan,nan,19,1
1.3904459037278827,0.48873483535528595,0.3395491494806563,0.29280474427533254,0.4774011299435028,1.0,0.9096045197740112,0.0,0.0,nan,nan,nan,nan,nan,nan,7,1
1.0961097213957045,0.3374125874125874,0.1681917211328976,0.11247086247086246,0.3333333333333333,nan,nan,nan,nan,0.0,0.0,1.0,nan,nan,nan,15,1
1.0984688169426389,0.3274956217162872,0.16446789797713282,0.1091652072387624,0.3333333333333333,nan,nan,nan,nan,nan,nan,nan,1.0,0.0,0.0,26,1
1.0934600432713826,0.32451499118165783,0.16333777185974255,0.10817166372721927,0.3333333333333333,nan,nan,nan,nan,0.0,0.0,1.0,nan,nan,nan,17,1
1.1062773664792378,0.3397548161120841,0.1690631808278867,0.11325160537069469,0.3333333333333333,nan,nan,nan,nan,0.0,0.0,1.0,nan,nan,nan,16,1
1.3244108212621588,0.23743500866551126,0.10148067894546768,0.30869565217391304,0.2532467532467532,0.0,0.0,0.012987012987012988,1.0,nan,nan,nan,nan,nan,nan,1,1
1.1242459350162082,0.3551236749116608,0.17470664928292046,0.11837455830388693,0.3333333333333333,nan,nan,nan,nan,nan,nan,nan,1.0,0.0,0.0,28,1
1.425620392749184,0.2556131260794473,0.10178817056396149,0.06390328151986183,0.25,1.0,0.0,0.0,0.0,nan,nan,nan,nan,nan,nan,4,1
1.1307114495171442,0.3583916083916084,0.1758901758901759,0.11946386946386946,0.3333333333333333,nan,nan,nan,nan,nan,nan,nan,1.0,0.0,0.0,24,1
1.3853047755029466,0.22086956521739132,0.09045584045584046,0.05521739130434783,0.25,0.0,0.0,1.0,0.0,nan,nan,nan,nan,nan,nan,8,1
1.059120727909936,0.37543859649122807,0.18197278911564627,0.12514619883040937,0.3333333333333333,nan,nan,nan,nan,nan,nan,nan,1.0,0.0,0.0,27,1
1.0929291711913214,0.35901926444833626,0.17611683848797252,0.11967308814944543,0.3333333333333333,nan,nan,nan,nan,1.0,0.0,0.0,nan,nan,nan,10,1
1.5546243629957501,0.2763385146804836,0.12012012012012012,0.07905138339920949,0.25,0.0,1.0,0.0,0.0,nan,nan,nan,nan,nan,nan,0,1
1.099506464269426,0.3582887700534759,0.1758530183727034,0.11942959001782531,0.3333333333333333,nan,nan,nan,nan,1.0,0.0,0.0,nan,nan,nan,18,1
1.3343372742335002,0.2569444444444444,0.13499331356474215,0.3106194690265487,0.2702205882352941,0.08088235294117647,0.0,0.0,1.0,nan,nan,nan,nan,nan,nan,3,1
1.150517960389455,0.34035087719298246,0.1692844677137871,0.11345029239766082,0.3333333333333333,nan,nan,nan,nan,0.0,0.0,1.0,nan,nan,nan,14,1
1.3375552453492816,0.46471600688468157,0.3487102970432874,0.3141084201523869,0.4572649572649573,0.8290598290598291,1.0,0.0,0.0,nan,nan,nan,nan,nan,nan,2,1
1.1916800207561917,0.33687943262411346,0.16799292661361628,0.11229314420803782,0.3333333333333333,nan,nan,nan,nan,0.0,0.0,1.0,nan,nan,nan,12,1
1.1352748605940077,0.3670212765957447,0.17898832684824903,0.12234042553191489,0.3333333333333333,nan,nan,nan,nan,1.0,0.0,0.0,nan,nan,nan,13,1
1.3909686929301213,0.2396551724137931,0.09666203059805285,0.05991379310344828,0.25,0.0,0.0,1.0,0.0,nan,nan,nan,nan,nan,nan,5,1
1.4321731454447697,0.5043327556325823,0.36120286748427455,0.3174918206312548,0.4740638955685331,0.9084507042253521,0.0,0.9878048780487805,0.0,nan,nan,nan,nan,nan,nan,6,1
1.0624270836512248,0.7534965034965035,0.7519930125754581,0.786212990220299,0.7590640061692694,nan,nan,nan,nan,nan,nan,nan,0.9395604395604396,0.585,0.7526315789473684,25,1
1.0769001642862956,0.3298429319371728,0.16535433070866143,0.1099476439790576,0.3333333333333333,nan,nan,nan,nan,nan,nan,nan,0.0,1.0,0.0,29,1
1.0720221400260925,0.6155202821869489,0.506182566559925,0.4721564154309614,0.5986322617033277,nan,nan,nan,nan,nan,nan,nan,0.8375634517766497,0.0,0.9583333333333334,21,1
1.0740989910231695,0.3508771929824561,0.17316017316017315,0.11695906432748537,0.3333333333333333,nan,nan,nan,nan,nan,nan,nan,0.0,0.0,1.0,20,1
1.3112454414367676,0.3185840707964602,0.16107382550335572,0.10619469026548672,0.3333333333333333,nan,nan,nan,nan,1.0,0.0,0.0,nan,nan,nan,11,1
1.1352675292227004,0.35335689045936397,0.1740644038294169,0.11778563015312132,0.3333333333333333,nan,nan,nan,nan,nan,nan,nan,1.0,0.0,0.0,23,1
1.1304383675257366,0.36331569664902996,0.17766278568348426,0.12110523221634333,0.3333333333333333,nan,nan,nan,nan,nan,nan,nan,1.0,0.0,0.0,22,1
1.2492684000416805,0.7448275862068966,0.6362543605661021,0.5762182249626091,0.7214979274487253,0.96875,0.9645390070921985,0.0,0.9527027027027027,nan,nan,nan,nan,nan,nan,9,1
0.18175761443045405,0.9479166666666666,0.9464313715252628,0.9463250707550411,0.9467515261963411,0.9558823529411765,0.9647058823529412,0.924812030075188,0.9416058394160584,nan,nan,nan,nan,nan,nan,3,2
0.4403153563800611,0.8076256499133448,0.8082482010775444,0.8669816789034619,0.7969096757476278,0.9421487603305785,0.9943502824858758,0.5669291338582677,0.6842105263157895,nan,nan,nan,nan,nan,nan,7,2
0.6608310573630862,0.6865148861646234,0.6469700983103874,0.7991259389812183,0.6901736607914172,nan,nan,nan,nan,nan,nan,nan,0.983957219251337,0.8534031413612565,0.23316062176165803,26,2
0.4343661947382821,0.8165784832451499,0.8168944471222609,0.8632995274003173,0.8153704573284731,nan,nan,nan,nan,0.6243386243386243,0.979381443298969,0.842391304347826,nan,nan,nan,17,2
0.27573180115885204,0.9125874125874126,0.9121524840386689,0.9140436439636451,0.9136131054046829,nan,nan,nan,nan,0.9209039548022598,0.8613861386138614,0.9585492227979274,nan,nan,nan,15,2
0.2271543960822256,0.924006908462867,0.9203496348348436,0.9240427556922176,0.920628457223221,0.9551282051282052,0.99375,0.8156028368794326,0.9180327868852459,nan,nan,nan,nan,nan,nan,0,2
0.2514575645327568,0.9210526315789473,0.9205569596806588,0.9222972972972973,0.9228019935688488,nan,nan,nan,nan,0.9743589743589743,0.9482758620689655,0.845771144278607,nan,nan,nan,19,2
0.5200693921910392,0.8080279232111692,0.8048795939363164,0.8273778163580309,0.806376339709673,nan,nan,nan,nan,nan,nan,nan,0.9641025641025641,0.8201058201058201,0.6349206349206349,29,2
0.27510126638743615,0.910873440285205,0.9087694395210805,0.9115981649069885,0.9091961575768953,nan,nan,nan,nan,0.9751243781094527,0.8867924528301887,0.8656716417910447,nan,nan,nan,18,2
0.1919346551100413,0.9422066549912435,0.941963958300592,0.9422100866956429,0.9423911313025414,nan,nan,nan,nan,0.96,0.9548022598870056,0.9123711340206185,nan,nan,nan,16,2
0.23662738419241375,0.9345132743362832,0.9344756918219996,0.9360432270880032,0.9358449542660069,nan,nan,nan,nan,0.9944444444444445,0.9105263157894737,0.9025641025641026,nan,nan,nan,11,2
1.2549592664367275,0.5941278065630398,0.5610820079643465,0.5933333333333334,0.6241554054054054,0.8716216216216216,0.0,0.625,1.0,nan,nan,nan,nan,nan,nan,4,2
0.25619857915137945,0.9189655172413793,0.9185547313829503,0.924612531814237,0.9190991538113841,0.9496402877697842,0.987012987012987,0.9424460431654677,0.7972972972972973,nan,nan,nan,nan,nan,nan,5,2
0.8526465859678056,0.6105263157894737,0.5549039749488452,0.7319873099704756,0.6119312602291326,nan,nan,nan,nan,nan,nan,nan,0.9615384615384616,0.15425531914893617,0.72,20,2
0.24505646857950422,0.9228070175438596,0.9218319189315,0.9273357768498087,0.9190978937842681,nan,nan,nan,nan,0.9714285714285714,0.8734939759036144,0.9123711340206185,nan,nan,nan,14,2
0.2944266166951921,0.8953900709219859,0.8953509384751525,0.9071547557593226,0.8969161910649709,nan,nan,nan,nan,0.7794871794871795,0.9217877094972067,0.9894736842105263,nan,nan,nan,12,2
0.32709525525569916,0.9095652173913044,0.9061729947375674,0.9127337910094251,0.9085556410711819,0.92,0.9333333333333333,0.9763779527559056,0.8045112781954887,nan,nan,nan,nan,nan,nan,8,2
0.23050282109114859,0.9194395796847635,0.9192541884663514,0.9245757543142109,0.9170666089227478,nan,nan,nan,nan,0.9707317073170731,0.8757062146892656,0.9047619047619048,nan,nan,nan,10,2
0.2581028281465957,0.9087779690189329,0.9096033735386518,0.9146510608036031,0.9084400638126897,0.9829059829059829,0.9884393063583815,0.8707482993197279,0.7916666666666666,nan,nan,nan,nan,nan,nan,2,2
1.146445141898261,0.6631205673758865,0.5531698385010585,0.7709508196721311,0.6656491745722894,nan,nan,nan,nan,0.9855072463768116,0.9640718562874252,0.04736842105263158,nan,nan,nan,13,2
0.2261192853513517,0.9258620689655173,0.9243320188530045,0.9254110825512407,0.924290892169171,0.96875,0.9645390070921985,0.8854961832061069,0.8783783783783784,nan,nan,nan,nan,nan,nan,9,2
0.6382242341836294,0.6996466431095406,0.6660411780369874,0.7964570001560793,0.6907590463391569,nan,nan,nan,nan,nan,nan,nan,0.92,0.292817679558011,0.8594594594594595,23,2
0.7919108867645264,0.6153846153846154,0.5649469257422138,0.7902429563806904,0.6243361768593055,nan,nan,nan,nan,nan,nan,nan,0.9902439024390244,0.774390243902439,0.10837438423645321,24,2
0.49759772254361045,0.8403508771929824,0.8355709755044951,0.8512980911559898,0.8412125883927365,nan,nan,nan,nan,nan,nan,nan,0.8598130841121495,0.9770114942528736,0.6868131868131868,27,2
0.4789879520734151,0.8430335097001763,0.8405755206302902,0.8567369093231164,0.8391477658003638,nan,nan,nan,nan,nan,nan,nan,0.9593908629441624,0.7247191011235955,0.8333333333333334,21,2
1.1494766341315374,0.4469964664310954,0.34637533263988923,0.7417153996101365,0.43209765099997993,nan,nan,nan,nan,nan,nan,nan,1.0,0.27011494252873564,0.02617801047120419,28,2
2.0423572858174643,0.36507936507936506,0.1814016907553859,0.45465253239104825,0.33509700176366847,nan,nan,nan,nan,nan,nan,nan,1.0,0.0,0.005291005291005291,22,2
4.01940729743556,0.24610051993067592,0.10725075528700906,0.06826923076923076,0.25,1.0,0.0,0.0,0.0,nan,nan,nan,nan,nan,nan,6,2
0.5157989012567621,0.8128249566724437,0.7856888912989014,0.8688807146217993,0.8026667685648972,0.9577464788732394,0.952054794520548,0.9675324675324676,0.3333333333333333,nan,nan,nan,nan,nan,nan,1,2
0.5458278805017471,0.8374125874125874,0.8344867031207412,0.8632844438512454,0.8353209947946789,nan,nan,nan,nan,nan,nan,nan,0.8791208791208791,0.99,0.6368421052631579,25,2
0.15512381556133428,0.9578947368421052,0.9577960927960928,0.9575883984803584,0.9580404784213328,nan,nan,nan,nan,0.9641025641025641,0.9597701149425287,0.9502487562189055,nan,nan,nan,19,3
0.32857514007223976,0.8571428571428571,0.8576383152902135,0.8880279621036994,0.8563207078073356,nan,nan,nan,nan,0.6931216931216931,0.9845360824742269,0.8913043478260869,nan,nan,nan,17,3
0.918518990278244,0.6713780918727915,0.5953225919058103,0.7964197308459603,0.6738612408260197,nan,nan,nan,nan,nan,nan,nan,0.9900497512437811,0.9425287356321839,0.08900523560209424,28,3
0.12652522183366513,0.9499136442141624,0.9476043754841874,0.9483719675455873,0.9471593615008989,0.967948717948718,0.99375,0.900709219858156,0.9262295081967213,nan,nan,nan,nan,nan,nan,0,3
0.15035336071418393,0.9544658493870403,0.9543058633655145,0.9558782178258998,0.9536914185391517,nan,nan,nan,nan,0.9609756097560975,0.9265536723163842,0.9735449735449735,nan,nan,nan,10,3
0.1781572981013192,0.9392361111111112,0.9380538904386017,0.9410560164236635,0.9390132022843714,0.9852941176470589,0.9352941176470588,0.8646616541353384,0.9708029197080292,nan,nan,nan,nan,nan,nan,3,3
0.11945422200693025,0.9699115044247788,0.9701555515059068,0.9702812438106555,0.9701079622132253,nan,nan,nan,nan,0.9833333333333333,0.9526315789473684,0.9743589743589743,nan,nan,nan,11,3
0.1695076707554491,0.95,0.9490555889289816,0.9511775201542643,0.9479637181440007,1.0,0.9645390070921985,0.9083969465648855,0.918918918918919,nan,nan,nan,nan,nan,nan,9,3
0.260571470277177,0.9134275618374559,0.9135905110298194,0.9133018585622953,0.9149308147926932,nan,nan,nan,nan,nan,nan,nan,0.875,0.9779005524861878,0.8918918918918919,23,3
0.21049171617548718,0.927710843373494,0.9268747486863154,0.9278114986571836,0.9280442195775598,0.9914529914529915,0.9884393063583815,0.8503401360544217,0.8819444444444444,nan,nan,nan,nan,nan,nan,2,3
0.23832069523632526,0.9228070175438596,0.9230406331417486,0.9224406344073416,0.9264503176846071,nan,nan,nan,nan,nan,nan,nan,0.8785046728971962,0.9942528735632183,0.9065934065934066,27,3
0.17134575232079155,0.9517241379310345,0.9513350003734172,0.9534085912703656,0.9518935395733957,0.9856115107913669,0.9935064935064936,0.9568345323741008,0.8716216216216216,nan,nan,nan,nan,nan,nan,5,3
0.5127838253974915,0.8130511463844797,0.8160569602622992,0.8660185404238878,0.8103253309631996,nan,nan,nan,nan,nan,nan,nan,0.9898477157360406,0.7640449438202247,0.6770833333333334,21,3
0.12501274194154474,0.950354609929078,0.9501327710090597,0.9508536904984837,0.9498805027179035,nan,nan,nan,nan,0.9538461538461539,0.9273743016759777,0.968421052631579,nan,nan,nan,12,3
0.21155153959989548,0.9188712522045855,0.9195768898777983,0.9202898550724639,0.9189914118227507,nan,nan,nan,nan,nan,nan,nan,0.9320388349514563,0.936046511627907,0.8888888888888888,22,3
0.38991878512832856,0.8528896672504378,0.8494931949062137,0.8819788910934744,0.8545944290617333,nan,nan,nan,nan,nan,nan,nan,0.9893048128342246,0.93717277486911,0.6373056994818653,26,3
0.15814577150893838,0.951473136915078,0.951280819761243,0.9521929669849749,0.9512142872455432,0.9788732394366197,0.9863013698630136,0.9285714285714286,0.9111111111111111,nan,nan,nan,nan,nan,nan,1,3
0.4179020351485202,0.8670120898100173,0.8729701436893093,0.9006230786122091,0.8757723418907629,0.9594594594594594,0.6900584795321637,0.875,0.9785714285714285,nan,nan,nan,nan,nan,nan,4,3
0.1701703303390079,0.9403508771929825,0.93955539948228,0.9422107014848949,0.9380469349168888,nan,nan,nan,nan,0.9809523809523809,0.9156626506024096,0.9175257731958762,nan,nan,nan,14,3
0.2019447119285663,0.9460869565217391,0.9428134154891885,0.9461347200395787,0.94371052003667,0.9666666666666667,0.9818181818181818,0.984251968503937,0.8421052631578947,nan,nan,nan,nan,nan,nan,8,3
0.13017653363446394,0.9527145359019265,0.9525153804406101,0.9552361567133522,0.9512771079659075,nan,nan,nan,nan,0.97,0.9096045197740112,0.9742268041237113,nan,nan,nan,16,3
0.17972531790534654,0.9388111888111889,0.9386470099561973,0.940537431649974,0.9389834083083377,nan,nan,nan,nan,0.9265536723163842,0.905940594059406,0.9844559585492227,nan,nan,nan,15,3
0.29852278985910946,0.8828671328671329,0.8822146506435039,0.8869659941271194,0.8903520365252913,nan,nan,nan,nan,nan,nan,nan,0.8878048780487805,1.0,0.7832512315270936,24,3
0.1726365845857395,0.9393939393939394,0.9372295178210311,0.9374294207519597,0.937482399324134,nan,nan,nan,nan,0.9751243781094527,0.9119496855345912,0.9253731343283582,nan,nan,nan,18,3
0.6737427146811235,0.8266897746967071,0.8319512457216686,0.881763009569246,0.8385953616809787,1.0,0.9710144927536232,0.5487804878048781,0.8345864661654135,nan,nan,nan,nan,nan,nan,6,3
0.2611226828561889,0.9073426573426573,0.9044760548726453,0.9110594676839866,0.9069057258530943,nan,nan,nan,nan,nan,nan,nan,0.967032967032967,0.98,0.7736842105263158,25,3
0.28402790882521206,0.8987783595113438,0.8980434227330779,0.9059148683231714,0.8980870980870982,nan,nan,nan,nan,nan,nan,nan,0.9641025641025641,0.9470899470899471,0.783068783068783,29,3
0.14725160981087307,0.9480069324090121,0.9493336869903983,0.9540801327003992,0.9472311523910162,0.9917355371900827,0.9943502824858758,0.9212598425196851,0.881578947368421,nan,nan,nan,nan,nan,nan,7,3
0.16434739861223432,0.9361702127659575,0.9353438841721982,0.934667382704657,0.9364940091847832,nan,nan,nan,nan,0.9468599033816425,0.9520958083832335,0.9105263157894737,nan,nan,nan,13,3
0.2856198110514217,0.8912280701754386,0.8924488142334196,0.8975285360827528,0.8903491543917076,nan,nan,nan,nan,nan,nan,nan,0.8461538461538461,0.9148936170212766,0.91,20,3
0.2615399377213584,0.9063604240282686,0.905977312390925,0.9069593783320232,0.9080735155044547,nan,nan,nan,nan,nan,nan,nan,0.865,0.988950276243094,0.8702702702702703,23,4
0.153925026423837,0.9586206896551724,0.9579264733393896,0.9606007881956206,0.9564096640899467,1.0,0.9645390070921985,0.9083969465648855,0.9527027027027027,nan,nan,nan,nan,nan,nan,9,4
0.1487208331788057,0.9532062391681109,0.9530553894960323,0.9540528546384418,0.9528376638689199,0.9788732394366197,0.9863013698630136,0.935064935064935,0.9111111111111111,nan,nan,nan,nan,nan,nan,1,4
0.13564621708873245,0.948306595365419,0.946270906023228,0.9469978491717622,0.9457742732876498,nan,nan,nan,nan,0.9751243781094527,0.9119496855345912,0.9502487562189055,nan,nan,nan,18,4
0.27643201044864124,0.8881118881118881,0.8876260662779464,0.8913465547019236,0.8952781448996756,nan,nan,nan,nan,nan,nan,nan,0.8878048780487805,1.0,0.7980295566502463,24,4
0.21849937157498467,0.9267015706806283,0.926282744485298,0.9284867768451218,0.9263600596933931,nan,nan,nan,nan,nan,nan,nan,0.958974358974359,0.9682539682539683,0.8518518518518519,29,4
0.18981483599378002,0.9365079365079365,0.9370365141465912,0.936798681833522,0.9374996764550464,nan,nan,nan,nan,nan,nan,nan,0.9320388349514563,0.9651162790697675,0.9153439153439153,22,4
0.19203652193148932,0.927689594356261,0.9286850394195026,0.9316242862767078,0.9280355060615855,nan,nan,nan,nan,nan,nan,nan,0.9644670050761421,0.9550561797752809,0.8645833333333334,21,4
0.21360363956126902,0.9157894736842105,0.9162526814000534,0.9178344380316498,0.9154161795651158,nan,nan,nan,nan,nan,nan,nan,0.8791208791208791,0.9521276595744681,0.915,20,4
0.27388121070046173,0.917098445595855,0.9112528097122693,0.9240427510060031,0.9096359987807356,0.9932432432432432,0.9298245614035088,0.7583333333333333,0.9571428571428572,nan,nan,nan,nan,nan,nan,4,4
0.17281952976352638,0.9427083333333334,0.9417105142641511,0.9450316724252895,0.9426628373208676,0.9852941176470589,0.9352941176470588,0.8646616541353384,0.9854014598540146,nan,nan,nan,nan,nan,nan,3,4
0.10553352027717564,0.9574468085106383,0.9570010350410302,0.9575907245836707,0.9568080780665315,nan,nan,nan,nan,0.9641025641025641,0.9273743016759777,0.9789473684210527,nan,nan,nan,12,4
0.14440453859666982,0.956140350877193,0.9563574165298303,0.9565179475748581,0.9564353299813927,nan,nan,nan,nan,0.9435897435897436,0.9655172413793104,0.9601990049751243,nan,nan,nan,19,4
0.13557287284897435,0.957968476357268,0.9579620609200578,0.9595492676859787,0.9573383261408616,nan,nan,nan,nan,0.9609756097560975,0.9322033898305084,0.9788359788359788,nan,nan,nan,10,4
0.2058579498488042,0.9298245614035088,0.9303276255119148,0.9300253011593217,0.9330601721836013,nan,nan,nan,nan,nan,nan,nan,0.8878504672897196,0.9827586206896551,0.9285714285714286,27,4
0.11969567348973618,0.957968476357268,0.95786792399381,0.9608879324087359,0.9566483196458734,nan,nan,nan,nan,0.965,0.9152542372881356,0.9896907216494846,nan,nan,nan,16,4
0.12622617288051466,0.9480069324090121,0.9481114836948108,0.9513604889140871,0.9462907829047965,0.9669421487603306,0.9943502824858758,0.9291338582677166,0.8947368421052632,nan,nan,nan,nan,nan,nan,7,4
0.22365156623224416,0.9241622574955908,0.924640025158928,0.9315612936005523,0.9236755885680136,nan,nan,nan,nan,0.8571428571428571,0.9845360824742269,0.9293478260869565,nan,nan,nan,17,4
0.18360589170142225,0.9363166953528399,0.9352499144500429,0.9348147696489578,0.9370191236417496,1.0,0.9884393063583815,0.8707482993197279,0.8888888888888888,nan,nan,nan,nan,nan,nan,2,4
0.09848374674880975,0.9654576856649395,0.9638731290036178,0.9653705734971504,0.9627758372237576,0.9807692307692307,0.99375,0.950354609929078,0.9262295081967213,nan,nan,nan,nan,nan,nan,0,4
0.20426791896553417,0.9445407279029463,0.9452794602725302,0.9462283871386302,0.9469962483876113,0.9507042253521126,0.9710144927536232,0.8963414634146342,0.9699248120300752,nan,nan,nan,nan,nan,nan,6,4
0.1321547772321436,0.9539007092198581,0.9536646493586839,0.9538329109527623,0.9537497088203456,nan,nan,nan,nan,0.9565217391304348,0.9520958083832335,0.9526315789473684,nan,nan,nan,13,4
0.13734578475770023,0.956140350877193,0.9554239974859161,0.9557092585851231,0.9554555975497473,nan,nan,nan,nan,0.9523809523809523,0.9397590361445783,0.9742268041237113,nan,nan,nan,14,4
0.516308488117324,0.7897526501766784,0.7668047605672906,0.8394778193340606,0.7918995621878571,nan,nan,nan,nan,nan,nan,nan,0.9850746268656716,0.9770114942528736,0.41361256544502617,28,4
0.10776339362685879,0.9734513274336283,0.9736848603229619,0.9737181505087816,0.9737142000299895,nan,nan,nan,nan,0.9888888888888889,0.9578947368421052,0.9743589743589743,nan,nan,nan,11,4
0.15697226280139553,0.9527972027972028,0.9528668116992991,0.9541196606256923,0.9528839509049701,nan,nan,nan,nan,0.943502824858757,0.9306930693069307,0.9844559585492227,nan,nan,nan,15,4
0.30920201374424827,0.882661996497373,0.8787957896053697,0.8966222985544583,0.8840265756382827,nan,nan,nan,nan,nan,nan,nan,0.983957219251337,0.9738219895287958,0.694300518134715,26,4
0.2048505869590574,0.9230769230769231,0.9219349597024028,0.9240557446684705,0.9229689608636976,nan,nan,nan,nan,nan,nan,nan,0.9615384615384616,0.96,0.8473684210526315,25,4
0.2063436352958282,0.9373913043478261,0.9333266434390842,0.9388300187308715,0.9337083492553861,0.98,0.9818181818181818,0.968503937007874,0.8045112781954887,nan,nan,nan,nan,nan,nan,8,4
0.14158404589091478,0.9620689655172414,0.9615897852944004,0.9619921926811436,0.9621380466704208,0.9856115107913669,0.9935064935064936,0.9640287769784173,0.9054054054054054,nan,nan,nan,nan,nan,nan,5,4
0.18161550371183288,0.9329805996472663,0.9337032638307582,0.9362755461592672,0.9334728717909719,nan,nan,nan,nan,nan,nan,nan,0.9695431472081218,0.9662921348314607,0.8645833333333334,21,5
0.17444684584107664,0.9443478260869566,0.9407997501962708,0.9446932218694204,0.9407122763960725,0.9933333333333333,0.9818181818181818,0.9606299212598425,0.8270676691729323,nan,nan,nan,nan,nan,nan,8,5
0.1127745185145422,0.949740034662045,0.9496212693353575,0.9516160738423513,0.9495234234229266,0.9917355371900827,0.9943502824858758,0.937007874015748,0.875,nan,nan,nan,nan,nan,nan,7,5
0.14737635649936764,0.9584055459272097,0.9582338930897192,0.9596230198222608,0.9578449804959548,0.9859154929577465,0.9863013698630136,0.948051948051948,0.9111111111111111,nan,nan,nan,nan,nan,nan,1,5
0.12787623765567938,0.9649122807017544,0.9643844459633933,0.9646405423844447,0.9642335665686802,nan,nan,nan,nan,0.9666666666666667,0.9518072289156626,0.9742268041237113,nan,nan,nan,14,5
0.13611378034369814,0.958041958041958,0.9582425427697633,0.9594852421442864,0.9580675201093483,nan,nan,nan,nan,0.9491525423728814,0.9405940594059405,0.9844559585492227,nan,nan,nan,15,5
0.19369062595069408,0.9291882556131261,0.9262759031489224,0.9294777324186593,0.9292408950303687,0.8581081081081081,0.9707602339181286,0.9666666666666667,0.9214285714285714,nan,nan,nan,nan,nan,nan,4,5
0.11615393202130993,0.9518716577540107,0.9500430300430299,0.9507259557266875,0.9495290841390531,nan,nan,nan,nan,0.9751243781094527,0.9182389937106918,0.9552238805970149,nan,nan,nan,18,5
0.273227841903766,0.9141856392294221,0.9123841486399398,0.9203453041481211,0.9151327435211644,nan,nan,nan,nan,nan,nan,nan,0.983957219251337,0.9790575916230366,0.7823834196891192,26,5
0.2564460713830259,0.8975265017667845,0.8950996869148965,0.9070240752891725,0.8987009646956886,nan,nan,nan,nan,nan,nan,nan,0.9751243781094527,0.9827586206896551,0.7382198952879581,28,5
0.19265028896431127,0.9245614035087719,0.9251161561388095,0.9276399370349199,0.9239143480632842,nan,nan,nan,nan,nan,nan,nan,0.8846153846153846,0.9521276595744681,0.935,20,5
0.18698648704836765,0.9403508771929825,0.9401414206332088,0.9392505128157906,0.9421320971433765,nan,nan,nan,nan,nan,nan,nan,0.9205607476635514,0.9827586206896551,0.9230769230769231,27,5
0.08976163373639186,0.9663120567375887,0.966069016410239,0.9663432853847361,0.9659662693476277,nan,nan,nan,nan,0.9692307692307692,0.9497206703910615,0.9789473684210527,nan,nan,nan,12,5
0.14200987868631879,0.9578947368421052,0.9581370439507633,0.9587032085561497,0.9580426778573973,nan,nan,nan,nan,0.9384615384615385,0.9655172413793104,0.9701492537313433,nan,nan,nan,19,5
0.20882534556504753,0.9329805996472663,0.9335962042690777,0.9401340438335953,0.9324964011203366,nan,nan,nan,nan,0.873015873015873,0.9896907216494846,0.9347826086956522,nan,nan,nan,17,5
0.1270611350838509,0.9574468085106383,0.9572512454865395,0.9581332600799682,0.9570168587310505,nan,nan,nan,nan,0.9565217391304348,0.9461077844311377,0.968421052631579,nan,nan,nan,13,5
0.17710294905636045,0.9382716049382716,0.9386902900816397,0.9380752838897436,0.939757522469948,nan,nan,nan,nan,nan,nan,nan,0.9271844660194175,0.9767441860465116,0.9153439153439153,22,5
0.20037533975157298,0.9445407279029463,0.9452179232629427,0.9458670806260335,0.9469962483876113,0.9507042253521126,0.9710144927536232,0.8963414634146342,0.9699248120300752,nan,nan,nan,nan,nan,nan,6,5
0.1266024100801183,0.9597197898423818,0.9597206424762819,0.9611795292829776,0.9592215653122365,nan,nan,nan,nan,0.9609756097560975,0.9378531073446328,0.9788359788359788,nan,nan,nan,10,5
0.10229929034701651,0.9752212389380531,0.9754149563291872,0.9755221675556731,0.9754236017393912,nan,nan,nan,nan,0.9888888888888889,0.9578947368421052,0.9794871794871794,nan,nan,nan,11,5
0.1672578953990811,0.9380378657487092,0.937100008721629,0.9364692929764468,0.9385393256161216,0.9914529914529915,0.9826589595375722,0.891156462585034,0.8888888888888888,nan,nan,nan,nan,nan,nan,2,5
0.09115992246293708,0.9654576856649395,0.9642270832863453,0.9656906281445764,0.9631576130458892,0.9871794871794872,0.99375,0.9290780141843972,0.9426229508196722,nan,nan,nan,nan,nan,nan,0,5
0.17299091960820887,0.9388111888111889,0.9382488314148513,0.9382780898227123,0.9386813186813187,nan,nan,nan,nan,nan,nan,nan,0.9560439560439561,0.96,0.9,25,5
0.11989486967458536,0.9672413793103448,0.966803442681218,0.9667946710231649,0.9672056142379883,0.9856115107913669,0.9935064935064936,0.9640287769784173,0.9256756756756757,nan,nan,nan,nan,nan,nan,5,5
0.21292703060640228,0.9195804195804196,0.9196963361891863,0.9196105446863232,0.9248027554167167,nan,nan,nan,nan,nan,nan,nan,0.8975609756097561,1.0,0.8768472906403941,24,5
0.18187930952343676,0.9424083769633508,0.9421950202449674,0.9424274450759613,0.942395875729209,nan,nan,nan,nan,nan,nan,nan,0.9435897435897436,0.9841269841269841,0.8994708994708994,29,5
0.1105037256040507,0.9632224168126094,0.9631620868180008,0.9655880222168558,0.962029918263537,nan,nan,nan,nan,0.975,0.9265536723163842,0.9845360824742269,nan,nan,nan,16,5
0.1552347004827526,0.9427083333333334,0.9418032912484009,0.9453507332488225,0.9426628373208676,0.9852941176470589,0.9352941176470588,0.8646616541353384,0.9854014598540146,nan,nan,nan,nan,nan,nan,3,5
0.1736335850957977,0.946551724137931,0.9462467808554973,0.9518264349463686,0.9437085087361197,1.0,0.9645390070921985,0.8778625954198473,0.9324324324324325,nan,nan,nan,nan,nan,nan,9,5
0.23317739201916587,0.9169611307420494,0.9167103674040172,0.917261477658348,0.9186538748693446,nan,nan,nan,nan,nan,nan,nan,0.875,0.994475138121547,0.8864864864864865,23,5
0.13650656294905478,0.9558303886925795,0.9556963125590577,0.9559467008099451,0.9565499217518952,nan,nan,nan,nan,nan,nan,nan,0.9701492537313433,0.9885057471264368,0.9109947643979057,28,6
0.1744360366008348,0.9421052631578948,0.941754375459385,0.9408631080499354,0.9436897295421304,nan,nan,nan,nan,nan,nan,nan,0.9252336448598131,0.9827586206896551,0.9230769230769231,27,6
0.11779982110278474,0.968421052631579,0.9676656676656678,0.9679636082075107,0.9674081697432834,nan,nan,nan,nan,0.9761904761904762,0.9518072289156626,0.9742268041237113,nan,nan,nan,14,6
0.1462494930666354,0.9496527777777778,0.9490790661630776,0.9513329183646266,0.9501816343133489,0.9852941176470589,0.9352941176470588,0.8947368421052632,0.9854014598540146,nan,nan,nan,nan,nan,nan,3,6
0.10126701675148474,0.9607843137254902,0.9595030445799161,0.9599119855732686,0.9591351419005602,nan,nan,nan,nan,0.9751243781094527,0.9371069182389937,0.9651741293532339,nan,nan,nan,18,6
0.25633011797541067,0.9136442141623489,0.9093099209291389,0.9156874084260662,0.9138290546185284,0.7702702702702703,0.9707602339181286,0.95,0.9642857142857143,nan,nan,nan,nan,nan,nan,4,6
0.1999994491374022,0.9445407279029463,0.9453812839356412,0.9468683120364721,0.9471153842554499,0.9436619718309859,0.9710144927536232,0.8963414634146342,0.9774436090225563,nan,nan,nan,nan,nan,nan,6,6
0.11340813452584876,0.9574468085106383,0.9572512454865395,0.9581332600799682,0.9570168587310505,nan,nan,nan,nan,0.9565217391304348,0.9461077844311377,0.968421052631579,nan,nan,nan,13,6
0.12344818655401468,0.9615384615384616,0.9618119231889173,0.9625884955238169,0.9618339984520977,nan,nan,nan,nan,0.96045197740113,0.9405940594059405,0.9844559585492227,nan,nan,nan,15,6
0.16531472290969557,0.9368421052631579,0.9373539400219784,0.9386509116772275,0.9365700257189619,nan,nan,nan,nan,nan,nan,nan,0.9175824175824175,0.9521276595744681,0.94,20,6
0.1710766940895054,0.9458987783595113,0.9455766293120419,0.946695381670256,0.9458689458689458,nan,nan,nan,nan,nan,nan,nan,0.9487179487179487,0.9947089947089947,0.8941798941798942,29,6
0.11564113147970703,0.9649737302977233,0.9651666217079411,0.96594457924573,0.9648712828263607,nan,nan,nan,nan,0.9609756097560975,0.9548022598870056,0.9788359788359788,nan,nan,nan,10,6
0.20131670786558012,0.9448275862068966,0.9450163140691206,0.9520550408814963,0.9421031800031313,1.0,0.9716312056737588,0.8778625954198473,0.918918918918919,nan,nan,nan,nan,nan,nan,9,6
0.1678881955643495,0.9443478260869566,0.940733202894533,0.9453455701805683,0.9402589239742161,0.9933333333333333,0.9878787878787879,0.952755905511811,0.8270676691729323,nan,nan,nan,nan,nan,nan,8,6
0.14935716738303503,0.9493006993006993,0.9490742467008612,0.9489760303261447,0.9492076344707924,nan,nan,nan,nan,nan,nan,nan,0.9560439560439561,0.96,0.9315789473684211,25,6
0.15796080945680538,0.9453262786596119,0.945727626548947,0.9496828798406822,0.9448900059052456,nan,nan,nan,nan,0.9047619047619048,0.9896907216494846,0.9402173913043478,nan,nan,nan,17,6
0.07860855106264353,0.973404255319149,0.9733091710981684,0.9733887984566226,0.9734150589193223,nan,nan,nan,nan,0.9692307692307692,0.9720670391061452,0.9789473684210527,nan,nan,nan,12,6
0.16240913110474745,0.9417989417989417,0.942236233283576,0.9440909570033634,0.9423824597425806,nan,nan,nan,nan,nan,nan,nan,0.9746192893401016,0.9775280898876404,0.875,21,6
0.13754983331697682,0.956140350877193,0.9563651918009786,0.9567843826155847,0.9563843030646941,nan,nan,nan,nan,0.9384615384615385,0.9655172413793104,0.9651741293532339,nan,nan,nan,19,6
0.10632058972906736,0.9667250437828371,0.9666519283507298,0.9687924674820424,0.9656313704933309,nan,nan,nan,nan,0.975,0.9322033898305084,0.9896907216494846,nan,nan,nan,16,6
0.14157100132127343,0.9618717504332756,0.9617545835267104,0.9630330070212103,0.9614573957280883,0.9929577464788732,0.9863013698630136,0.948051948051948,0.9185185185185185,nan,nan,nan,nan,nan,nan,1,6
0.15524932609772996,0.9414802065404475,0.9412535048016293,0.9409087894642595,0.9419761169993417,0.9914529914529915,0.9826589595375722,0.8979591836734694,0.8958333333333334,nan,nan,nan,nan,nan,nan,2,6
0.2601560238334868,0.9159369527145359,0.9142102594710462,0.9216260659778284,0.9168598592379174,nan,nan,nan,nan,nan,nan,nan,0.983957219251337,0.9790575916230366,0.7875647668393783,26,6
0.10911769547352665,0.9706896551724138,0.9703716594558651,0.9705190486674745,0.9705839926163667,0.9784172661870504,0.9935064935064936,0.9712230215827338,0.9391891891891891,nan,nan,nan,nan,nan,nan,5,6
0.21140527000857723,0.9151943462897526,0.9147849798962117,0.9151511051831923,0.9165818027972724,nan,nan,nan,nan,nan,nan,nan,0.885,0.994475138121547,0.8702702702702703,23,6
0.2132396972220805,0.916083916083916,0.9157185894027999,0.9170672234000659,0.9214706235732307,nan,nan,nan,nan,nan,nan,nan,0.9121951219512195,1.0,0.8522167487684729,24,6
0.08109871282144204,0.9654576856649395,0.9638658507007657,0.9654764854040216,0.9627109968205844,0.9935897435897436,0.99375,0.9290780141843972,0.9344262295081968,nan,nan,nan,nan,nan,nan,0,6
0.10216555612063721,0.9601386481802426,0.9595990210503318,0.9606139269969057,0.9597156115704608,0.9917355371900827,0.9943502824858758,0.9448818897637795,0.9078947368421053,nan,nan,nan,nan,nan,nan,7,6
0.100285687432107,0.9787610619469026,0.978875602148838,0.9791852830490831,0.9788424051581947,nan,nan,nan,nan,0.9888888888888889,0.9578947368421052,0.9897435897435898,nan,nan,nan,11,6
0.1700904199646579,0.9417989417989417,0.9418918082284419,0.9412217412217413,0.9431393138776295,nan,nan,nan,nan,nan,nan,nan,0.9320388349514563,0.9767441860465116,0.9206349206349206,22,6
0.10404647560790181,0.9646643109540636,0.9647697834357256,0.9648685761941737,0.9646807186909528,nan,nan,nan,nan,nan,nan,nan,0.9651741293532339,0.9655172413793104,0.9633507853403142,28,7
0.11412706836644146,0.965034965034965,0.9652828838758486,0.9660704624684237,0.965134328485101,nan,nan,nan,nan,0.96045197740113,0.9504950495049505,0.9844559585492227,nan,nan,nan,15,7
0.2539687293271224,0.9176882661996497,0.9155687584419376,0.924287478119155,0.9186785603948677,nan,nan,nan,nan,nan,nan,nan,0.9893048128342246,0.9895287958115183,0.7772020725388601,26,7
0.14303471261842382,0.9473684210526315,0.9477768118741748,0.948717658944196,0.9472188449848025,nan,nan,nan,nan,nan,nan,nan,0.9285714285714286,0.9680851063829787,0.945,20,7
0.22448363051646286,0.9135802469135802,0.9152594137703467,0.9198483106422616,0.9179770735050331,nan,nan,nan,nan,nan,nan,nan,0.8300970873786407,0.9767441860465116,0.9470899470899471,22,7
0.09461769717745483,0.9769911504424779,0.9769846168241453,0.9772287740662221,0.9771854850802218,nan,nan,nan,nan,0.9944444444444445,0.9473684210526315,0.9897435897435898,nan,nan,nan,11,7
0.1940857603525122,0.931095406360424,0.9306034659606736,0.9312957853890497,0.9318520730675427,nan,nan,nan,nan,nan,nan,nan,0.92,0.994475138121547,0.8810810810810811,23,7
0.19075259338378123,0.946551724137931,0.9466499257476944,0.9532690376099866,0.9437923691923205,1.0,0.9716312056737588,0.8778625954198473,0.9256756756756757,nan,nan,nan,nan,nan,nan,9,7
0.1327947733776742,0.9653379549393414,0.9652243339787547,0.9662296490091857,0.9650698109602219,1.0,0.9863013698630136,0.948051948051948,0.9259259259259259,nan,nan,nan,nan,nan,nan,1,7
0.09090562811535266,0.9696969696969697,0.9688405797101449,0.9681947570161648,0.9696173221940612,nan,nan,nan,nan,0.9751243781094527,0.9685534591194969,0.9651741293532339,nan,nan,nan,18,7
0.12769453191301888,0.9596491228070175,0.9599039406338452,0.9602886279676562,0.9599583866696579,nan,nan,nan,nan,0.9384615384615385,0.9712643678160919,0.9701492537313433,nan,nan,nan,19,7
0.08061642348031073,0.9654576856649395,0.9638658507007657,0.9654764854040216,0.9627109968205844,0.9935897435897436,0.99375,0.9290780141843972,0.9344262295081968,nan,nan,nan,nan,nan,nan,0,7
0.19393554562702775,0.9532062391681109,0.9536083615639223,0.9538451105476493,0.9549054035661195,0.9507042253521126,0.9782608695652174,0.9207317073170732,0.9699248120300752,nan,nan,nan,nan,nan,nan,6,7
0.06855102969954412,0.973404255319149,0.9733091710981684,0.9733887984566226,0.9734150589193223,nan,nan,nan,nan,0.9692307692307692,0.9720670391061452,0.9789473684210527,nan,nan,nan,12,7
0.11105998057044214,0.9666666666666667,0.9659757236227824,0.9666757737831854,0.9654281337426288,nan,nan,nan,nan,0.9857142857142858,0.9518072289156626,0.9587628865979382,nan,nan,nan,14,7
0.17648897565117008,0.9447322970639033,0.9425547349217693,0.9433200908961378,0.9446286041680779,0.8851351351351351,0.9707602339181286,0.9583333333333334,0.9642857142857143,nan,nan,nan,nan,nan,nan,4,7
0.1542903778091487,0.9443478260869566,0.9407628925809395,0.9451217429260638,0.9401701192853286,0.9933333333333333,0.9878787878787879,0.9448818897637795,0.8345864661654135,nan,nan,nan,nan,nan,nan,8,7
0.11313713372995456,0.9576719576719577,0.957955872454889,0.9602240017217105,0.9573315364627183,nan,nan,nan,nan,0.9312169312169312,0.9896907216494846,0.9510869565217391,nan,nan,nan,17,7
0.09723757146122425,0.9706896551724138,0.970514183041517,0.9710640995852263,0.9706933645782567,0.9784172661870504,0.9935064935064936,0.9784172661870504,0.9324324324324325,nan,nan,nan,nan,nan,nan,5,7
0.10408834145507878,0.9627659574468085,0.9619647372898431,0.9628372694706454,0.9614620745795467,nan,nan,nan,nan,0.9758454106280193,0.9401197604790419,0.968421052631579,nan,nan,nan,13,7
0.14324515799267423,0.9506172839506173,0.9505967663609657,0.9519685799858214,0.9514285957591082,nan,nan,nan,nan,nan,nan,nan,0.9796954314720813,0.9943820224719101,0.8802083333333334,21,7
0.16408877980170977,0.9421052631578948,0.9415550359920212,0.9407341028030682,0.9434158601093824,nan,nan,nan,nan,nan,nan,nan,0.9299065420560748,0.9827586206896551,0.9175824175824175,27,7
0.1435956015355057,0.9511343804537522,0.9509089288966135,0.9512498875715827,0.9512142178808846,nan,nan,nan,nan,nan,nan,nan,0.9435897435897436,0.9947089947089947,0.9153439153439153,29,7
0.09174584188057404,0.9670710571923743,0.9660771469439404,0.966074565696553,0.9666183260337845,0.9917355371900827,0.9943502824858758,0.952755905511811,0.9276315789473685,nan,nan,nan,nan,nan,nan,7,7
0.1627732017594907,0.9423076923076923,0.9425061880415172,0.9413366413182304,0.9460370859866233,nan,nan,nan,nan,nan,nan,nan,0.9317073170731708,1.0,0.9064039408866995,24,7
0.10514383592332403,0.968476357267951,0.9686318980717227,0.9692885116349191,0.9685181904280705,nan,nan,nan,nan,0.9609756097560975,0.96045197740113,0.9841269841269841,nan,nan,nan,10,7
0.15133987457834577,0.9432013769363167,0.9429815709456995,0.9428111129681729,0.9436413664324482,0.9914529914529915,0.9826589595375722,0.9115646258503401,0.8888888888888888,nan,nan,nan,nan,nan,nan,2,7
0.12673558501733673,0.9615384615384616,0.961341926333415,0.9614866331518672,0.9612251783304414,nan,nan,nan,nan,nan,nan,nan,0.9560439560439561,0.975,0.9526315789473684,25,7
0.09034947864711285,0.968476357267951,0.9684563114451198,0.9703620608366256,0.9675146096647058,nan,nan,nan,nan,0.975,0.9378531073446328,0.9896907216494846,nan,nan,nan,16,7
0.141075416157643,0.9583333333333334,0.957913526407271,0.9592176289315569,0.9587619085282979,0.9852941176470589,0.9470588235294117,0.9172932330827067,0.9854014598540146,nan,nan,nan,nan,nan,nan,3,7
0.09554521703264779,0.9680851063829787,0.9675823557650944,0.9692624124354451,0.9667252324742837,nan,nan,nan,nan,0.9758454106280193,0.9401197604790419,0.9842105263157894,nan,nan,nan,13,8
0.12521456357919508,0.956369982547993,0.9561786175710595,0.9563453273130693,0.9565594898928232,nan,nan,nan,nan,nan,nan,nan,0.9384615384615385,1.0,0.9312169312169312,29,8
0.1243974732382125,0.9653379549393414,0.9652617217744381,0.9658455033729593,0.9652982861886972,1.0,0.9863013698630136,0.9415584415584416,0.9333333333333333,nan,nan,nan,nan,nan,nan,1,8
0.12752780670093167,0.9594356261022927,0.959449695169166,0.9603684081660558,0.9600650875808792,nan,nan,nan,nan,nan,nan,nan,0.9847715736040609,0.9943820224719101,0.9010416666666666,21,8
0.34957015245325035,0.8747795414462081,0.8771481575933956,0.8944132595761575,0.8820297358718371,nan,nan,nan,nan,nan,nan,nan,0.7233009708737864,0.9651162790697675,0.9576719576719577,22,8
0.08735312052120112,0.9705372616984402,0.9701217458858598,0.9701601213662464,0.9705553339078002,0.9917355371900827,0.9943502824858758,0.968503937007874,0.9276315789473685,nan,nan,nan,nan,nan,nan,7,8
0.19064876422482102,0.9480069324090121,0.9488327970841086,0.9498138592646274,0.9506875418386301,0.9507042253521126,0.9782608695652174,0.8963414634146342,0.9774436090225563,nan,nan,nan,nan,nan,nan,6,8
0.07634260001788407,0.9671848013816926,0.9655822527894266,0.9670917563342754,0.9644840464659744,0.9935897435897436,0.99375,0.9361702127659575,0.9344262295081968,nan,nan,nan,nan,nan,nan,0,8
0.14781563004685772,0.9545454545454546,0.9541765133983695,0.9535409342039176,0.9574191998077616,nan,nan,nan,nan,nan,nan,nan,0.9658536585365853,1.0,0.9064039408866995,24,8
0.15802790824737814,0.9473684210526315,0.9469028899277517,0.9462315380474218,0.9490787795654055,nan,nan,nan,nan,nan,nan,nan,0.9299065420560748,0.9942528735632183,0.9230769230769231,27,8
0.08162055671628979,0.968476357267951,0.9684563114451198,0.9703620608366256,0.9675146096647058,nan,nan,nan,nan,0.975,0.9378531073446328,0.9896907216494846,nan,nan,nan,16,8
0.11864441335718665,0.9614035087719298,0.9615854358443738,0.9616171199662661,0.9621314295014759,nan,nan,nan,nan,0.9384615384615385,0.9827586206896551,0.9651741293532339,nan,nan,nan,19,8
0.06100862421509293,0.9804964539007093,0.9803330121741273,0.9802876215335864,0.9804054614404513,nan,nan,nan,nan,0.9846153846153847,0.9776536312849162,0.9789473684210527,nan,nan,nan,12,8
0.1038348789119886,0.9685314685314685,0.9687481752670104,0.9692425613341774,0.9686677326729775,nan,nan,nan,nan,0.9661016949152542,0.9554455445544554,0.9844559585492227,nan,nan,nan,15,8
0.1399259804502914,0.9568221070811744,0.9550233033665083,0.9548737412917598,0.9565233466549257,0.9256756756756757,0.9766081871345029,0.9666666666666667,0.9571428571428572,nan,nan,nan,nan,nan,nan,4,8
0.21445055968231624,0.9334500875656743,0.9322459009275245,0.9373053710016439,0.9342226018456449,nan,nan,nan,nan,nan,nan,nan,0.9893048128342246,0.9895287958115183,0.8238341968911918,26,8
0.10882358511702882,0.9667832167832168,0.9665715792970048,0.9669503402643892,0.9663128976286871,nan,nan,nan,nan,nan,nan,nan,0.9560439560439561,0.985,0.9578947368421052,25,8
0.09596202460428079,0.9681978798586572,0.9682532413011002,0.9680704052942639,0.968598962220851,nan,nan,nan,nan,nan,nan,nan,0.9601990049751243,0.9770114942528736,0.9685863874345549,28,8
0.08617487799768385,0.9775862068965517,0.9773517127040119,0.9775558902443089,0.9775594932969034,0.9784172661870504,0.9935064935064936,0.9856115107913669,0.9527027027027027,nan,nan,nan,nan,nan,nan,5,8
0.08423830136760241,0.9717813051146384,0.9717902444994199,0.9720737970136848,0.9716276461943577,nan,nan,nan,nan,0.9735449735449735,0.979381443298969,0.9619565217391305,nan,nan,nan,17,8
0.12415237636822793,0.9543859649122807,0.9547026770907369,0.9550311979749129,0.954486400124698,nan,nan,nan,nan,nan,nan,nan,0.945054945054945,0.973404255319149,0.945,20,8
0.10135280273647772,0.968421052631579,0.9677913120340299,0.9682493575971093,0.9674361658711429,nan,nan,nan,nan,0.9857142857142858,0.9578313253012049,0.9587628865979382,nan,nan,nan,14,8
0.14493134799168297,0.9483648881239243,0.9483245881169269,0.9482751289776837,0.9487788380877771,0.9914529914529915,0.9826589595375722,0.9251700680272109,0.8958333333333334,nan,nan,nan,nan,nan,nan,2,8
0.09534102264377806,0.968476357267951,0.9686318980717227,0.9692885116349191,0.9685181904280705,nan,nan,nan,nan,0.9609756097560975,0.96045197740113,0.9841269841269841,nan,nan,nan,10,8
0.1818321263935003,0.9363957597173145,0.9356766823984758,0.9367941875947018,0.9368918918918919,nan,nan,nan,nan,nan,nan,nan,0.935,1.0,0.8756756756756757,23,8
0.1511176339056539,0.9534482758620689,0.9530552750726617,0.9578750133685895,0.950768333706453,1.0,0.9716312056737588,0.8854961832061069,0.9459459459459459,nan,nan,nan,nan,nan,nan,9,8
0.13771543910519946,0.9618055555555556,0.9618732876284137,0.9631385092015012,0.9629170002614953,0.9779411764705882,0.9411764705882353,0.9398496240601504,0.9927007299270073,nan,nan,nan,nan,nan,nan,3,8
0.09139000482132865,0.9752212389380531,0.9751589726711513,0.9754556966806058,0.9754310991153097,nan,nan,nan,nan,0.9944444444444445,0.9421052631578948,0.9897435897435898,nan,nan,nan,11,8
0.14914351443035734,0.9426086956521739,0.9389819061819911,0.9437777223821993,0.9382904200372082,0.9933333333333333,0.9878787878787879,0.9448818897637795,0.8270676691729323,nan,nan,nan,nan,nan,nan,8,8
0.08364762076073223,0.9714795008912656,0.9706773792713989,0.9701715887453863,0.9712756969867643,nan,nan,nan,nan,0.9800995024875622,0.9685534591194969,0.9651741293532339,nan,nan,nan,18,8
0.11702973413967381,0.9688041594454073,0.9686434440738602,0.9692005445344882,0.9685450394354504,1.0,0.9863013698630136,0.9545454545454546,0.9333333333333333,nan,nan,nan,nan,nan,nan,1,9
0.11191208673537606,0.9614035087719298,0.9616132135516146,0.9621576188541958,0.961259449770088,nan,nan,nan,nan,nan,nan,nan,0.945054945054945,0.9787234042553191,0.96,20,9
0.0977979789281057,0.9667832167832168,0.9666990955364249,0.9671781352193355,0.9664006169269328,nan,nan,nan,nan,nan,nan,nan,0.9560439560439561,0.98,0.9631578947368421,25,9
0.08026280499210484,0.9775862068965517,0.9774236066891425,0.9776924893717525,0.9775594932969034,0.9784172661870504,0.9935064935064936,0.9856115107913669,0.9527027027027027,nan,nan,nan,nan,nan,nan,5,9
0.16095767418543497,0.9487632508833922,0.9484696210302196,0.948748265732365,0.9493693693693693,nan,nan,nan,nan,nan,nan,nan,0.94,1.0,0.9081081081081082,23,9
0.05190158839751449,0.9804964539007093,0.9803090833378718,0.9802672636005969,0.9803604771849406,nan,nan,nan,nan,0.9897435897435898,0.9776536312849162,0.9736842105263158,nan,nan,nan,12,9
0.08028788742070135,0.9740034662045061,0.9731983269139041,0.9728429284355197,0.9738448075920108,0.9917355371900827,0.9943502824858758,0.968503937007874,0.9407894736842105,nan,nan,nan,nan,nan,nan,7,9
0.11036299752433681,0.9649122807017544,0.9649794308320204,0.9648128642651499,0.9655502329202793,nan,nan,nan,nan,0.9487179487179487,0.9827586206896551,0.9651741293532339,nan,nan,nan,19,9
0.1335428210686108,0.955249569707401,0.9554345229613138,0.9553836127101044,0.9556878516932191,0.9914529914529915,0.9826589595375722,0.9319727891156463,0.9166666666666666,nan,nan,nan,nan,nan,nan,2,9
0.14323386250946082,0.9550949913644214,0.9534587956159933,0.9536657820037931,0.9545365384181175,0.918918918918919,0.9766081871345029,0.9583333333333334,0.9642857142857143,nan,nan,nan,nan,nan,nan,4,9
0.09065843978896737,0.968476357267951,0.9686318980717227,0.9692885116349191,0.9685181904280705,nan,nan,nan,nan,0.9609756097560975,0.96045197740113,0.9841269841269841,nan,nan,nan,10,9
0.17364090774208307,0.9584055459272097,0.9586999284795021,0.9582228979946935,0.9598317847027468,0.971830985915493,0.9782608695652174,0.926829268292683,0.9624060150375939,nan,nan,nan,nan,nan,nan,6,9
0.15192111974789035,0.9508771929824561,0.9506359381359383,0.9497739919330467,0.9527417832284092,nan,nan,nan,nan,nan,nan,nan,0.9299065420560748,0.9942528735632183,0.9340659340659341,27,9
0.09539677130265369,0.9701754385964912,0.9696735053421232,0.9700308365779894,0.969444197999657,nan,nan,nan,nan,0.9857142857142858,0.963855421686747,0.9587628865979382,nan,nan,nan,14,9
0.07045038854185906,0.9702276707530648,0.9702746889253958,0.9719383378673138,0.9693978488360805,nan,nan,nan,nan,0.975,0.943502824858757,0.9896907216494846,nan,nan,nan,16,9
0.07571879682493293,0.9735449735449735,0.9735207473302712,0.9738415905082571,0.973345859252777,nan,nan,nan,nan,0.9735449735449735,0.9845360824742269,0.9619565217391305,nan,nan,nan,17,9
0.0953951690139042,0.972027972027972,0.9723134458318063,0.9725494743351885,0.972434211015727,nan,nan,nan,nan,0.9774011299435028,0.9554455445544554,0.9844559585492227,nan,nan,nan,15,9
0.12728073820471764,0.9618055555555556,0.9619249731585318,0.9631416274956386,0.9629584642154979,0.9705882352941176,0.9411764705882353,0.9473684210526315,0.9927007299270073,nan,nan,nan,nan,nan,nan,3,9
0.13264293164799087,0.9551724137931035,0.9546194032781323,0.959122275375643,0.952541383351843,1.0,0.9787234042553191,0.8854961832061069,0.9459459459459459,nan,nan,nan,nan,nan,nan,9,9
0.074769979931022,0.9723661485319517,0.9708765322901891,0.9726105201367571,0.9696327098593187,1.0,0.99375,0.950354609929078,0.9344262295081968,nan,nan,nan,nan,nan,nan,0,9
0.11267487828930219,0.9581151832460733,0.9580038178347423,0.958314005397217,0.9584316917650252,nan,nan,nan,nan,nan,nan,nan,0.9282051282051282,1.0,0.9470899470899471,29,9
0.24671229528677133,0.9118165784832452,0.9138777048078625,0.9206619361031126,0.9163301799148867,nan,nan,nan,nan,nan,nan,nan,0.8203883495145631,0.9709302325581395,0.9576719576719577,22,9
0.09040131906254424,0.9681978798586572,0.9683511495392166,0.9682801325658469,0.968598962220851,nan,nan,nan,nan,nan,nan,nan,0.9601990049751243,0.9770114942528736,0.9685863874345549,28,9
0.11638570659690434,0.9647266313932981,0.9650143236480998,0.9658077273741427,0.9650003247843748,nan,nan,nan,nan,nan,nan,nan,0.9847715736040609,0.9831460674157303,0.9270833333333334,21,9
0.07703525034917726,0.9732620320855615,0.9725331674958541,0.9721735797018113,0.9729340717794673,nan,nan,nan,nan,0.9800995024875622,0.9685534591194969,0.9701492537313433,nan,nan,nan,18,9
0.0886378734269076,0.9698581560283688,0.9694577330233973,0.9714533742730209,0.9684796184391958,nan,nan,nan,nan,0.9758454106280193,0.9401197604790419,0.9894736842105263,nan,nan,nan,13,9
0.17704068890048397,0.9369527145359019,0.936072053897845,0.94028278543655,0.937621417801608,nan,nan,nan,nan,nan,nan,nan,0.983957219251337,0.9895287958115183,0.8393782383419689,26,9
0.14218663486341634,0.9495652173913044,0.9468213383626983,0.9505224731797822,0.9458092170296895,0.9933333333333333,0.9878787878787879,0.9448818897637795,0.8571428571428571,nan,nan,nan,nan,nan,nan,8,9
0.12301267569677697,0.965034965034965,0.9647431971622217,0.9638790375414904,0.9672393768272659,nan,nan,nan,nan,nan,nan,nan,0.975609756097561,1.0,0.9261083743842364,24,9
0.08576947980974284,0.9787610619469026,0.9788102367223006,0.9790207869950848,0.9789398710451342,nan,nan,nan,nan,0.9944444444444445,0.9526315789473684,0.9897435897435898,nan,nan,nan,11,9
0.10426560388360587,0.9614035087719298,0.9616132135516146,0.9621576188541958,0.961259449770088,nan,nan,nan,nan,nan,nan,nan,0.945054945054945,0.9787234042553191,0.96,20,10
0.08517932917715774,0.9681978798586572,0.9683511495392166,0.9682801325658469,0.968598962220851,nan,nan,nan,nan,nan,nan,nan,0.9601990049751243,0.9770114942528736,0.9685863874345549,28,10
0.08440319135681623,0.9769911504424779,0.9769846168241453,0.9772287740662221,0.9771854850802218,nan,nan,nan,nan,0.9944444444444445,0.9473684210526315,0.9897435897435898,nan,nan,nan,11,10
0.09706067588801186,0.9633507853403142,0.9632862014329016,0.963416257287523,0.9636141636141636,nan,nan,nan,nan,nan,nan,nan,0.9384615384615385,1.0,0.9523809523809523,29,10
0.0712273548369443,0.9723661485319517,0.9709284153382296,0.9724476214483302,0.9698031954021447,0.9935897435897436,0.99375,0.9574468085106383,0.9344262295081968,nan,nan,nan,nan,nan,nan,0,10
0.07515911644594253,0.975736568457539,0.9750176302568814,0.9747694831725315,0.975489544434116,0.9917355371900827,0.9943502824858758,0.968503937007874,0.9473684210526315,nan,nan,nan,nan,nan,nan,7,10
0.09031125248616768,0.9719298245614035,0.9713357991235458,0.9715813330750921,0.9711624110580762,nan,nan,nan,nan,0.9857142857142858,0.963855421686747,0.9639175257731959,nan,nan,nan,14,10
0.06040987733285874,0.9772329246935202,0.9774593033432523,0.9783333333333334,0.9769308055215795,nan,nan,nan,nan,0.975,0.9661016949152542,0.9896907216494846,nan,nan,nan,16,10
0.15336831418486932,0.9522968197879859,0.9520474233145988,0.952267875120472,0.9529729729729729,nan,nan,nan,nan,nan,nan,nan,0.94,1.0,0.918918918918919,23,10
0.0817553521030479,0.9716312056737588,0.9711024192380124,0.973035926426611,0.9700899243973279,nan,nan,nan,nan,0.9806763285024155,0.9401197604790419,0.9894736842105263,nan,nan,nan,13,10
0.14090351336118248,0.9422066549912435,0.9416691510932349,0.9439642466600106,0.9426919339967813,nan,nan,nan,nan,nan,nan,nan,0.9732620320855615,0.9895287958115183,0.8652849740932642,26,10
0.14862448864409494,0.9543859649122807,0.95423312073537,0.953288431896464,0.9561309174586649,nan,nan,nan,nan,nan,nan,nan,0.9345794392523364,0.9942528735632183,0.9395604395604396,27,10
0.12090071731884229,0.9620034542314335,0.9605179640222613,0.9606433911976519,0.9610660942897785,0.9391891891891891,0.9824561403508771,0.9583333333333334,0.9642857142857143,nan,nan,nan,nan,nan,nan,4,10
0.1267964956868026,0.9618055555555556,0.9619695651484222,0.9627045650301463,0.9633261112743214,0.9779411764705882,0.9352941176470588,0.9473684210526315,0.9927007299270073,nan,nan,nan,nan,nan,nan,3,10
0.11671243614125017,0.9603448275862069,0.9597220719654492,0.9619937039704481,0.9584857819489133,1.0,0.9787234042553191,0.916030534351145,0.9391891891891891,nan,nan,nan,nan,nan,nan,9,10
0.16411514773866848,0.9601386481802426,0.9605394910488481,0.9601580868614519,0.9617114839508671,0.971830985915493,0.9782608695652174,0.926829268292683,0.9699248120300752,nan,nan,nan,nan,nan,nan,6,10
0.10067071804466347,0.9666666666666667,0.9666752747561628,0.9664337044934058,0.967259634629681,nan,nan,nan,nan,0.9538461538461539,0.9827586206896551,0.9651741293532339,nan,nan,nan,19,10
0.07332016869137685,0.9732620320855615,0.9727668885936768,0.972238248857456,0.9733721330454644,nan,nan,nan,nan,0.9751243781094527,0.9748427672955975,0.9701492537313433,nan,nan,nan,18,10
0.1285813712877118,0.951304347826087,0.9487156015804677,0.9523063416399791,0.9477777209666973,0.9933333333333333,0.9878787878787879,0.952755905511811,0.8571428571428571,nan,nan,nan,nan,nan,nan,8,10
0.12810861256806866,0.9586919104991394,0.9588099244622859,0.958702609809414,0.9591246430764392,0.9914529914529915,0.9826589595375722,0.9387755102040817,0.9236111111111112,nan,nan,nan,nan,nan,nan,2,10
0.1114968558601839,0.9722703639514731,0.9722026511323008,0.9727816825741256,0.9720202679106789,1.0,0.9863013698630136,0.961038961038961,0.9407407407407408,nan,nan,nan,nan,nan,nan,1,10
0.2547894569320811,0.9047619047619048,0.9069925140741454,0.915952355566387,0.9096833719397127,nan,nan,nan,nan,nan,nan,nan,0.8009708737864077,0.9651162790697675,0.9629629629629629,22,10
0.07321454863995314,0.9758620689655172,0.9756393839368885,0.9758197791331978,0.9758703041077142,0.9784172661870504,0.9935064935064936,0.9856115107913669,0.9459459459459459,nan,nan,nan,nan,nan,nan,5,10
0.08613374032494095,0.9737762237762237,0.9739926998832851,0.9744514106583072,0.9738513018773555,nan,nan,nan,nan,0.9717514124293786,0.9653465346534653,0.9844559585492227,nan,nan,nan,15,10
0.0638405774306092,0.9788359788359788,0.9788001720146471,0.9788959578433262,0.9787327160889091,nan,nan,nan,nan,0.9788359788359788,0.9845360824742269,0.9728260869565217,nan,nan,nan,17,10
0.08501852810796764,0.9702276707530648,0.9703547575985983,0.9707092294165592,0.9705390817696178,nan,nan,nan,nan,0.9560975609756097,0.9661016949152542,0.9894179894179894,nan,nan,nan,10,10
0.10753828375082877,0.9682539682539683,0.9684733375849764,0.9689649643356654,0.968472547006597,nan,nan,nan,nan,nan,nan,nan,0.9847715736040609,0.9831460674157303,0.9375,21,10
0.046875003440719515,0.9840425531914894,0.9838242648592547,0.9838242648592547,0.9838242648592547,nan,nan,nan,nan,0.9948717948717949,0.9776536312849162,0.9789473684210527,nan,nan,nan,12,10
0.10962868919078675,0.9667832167832168,0.9667261650318005,0.9658484797873809,0.9688814129520605,nan,nan,nan,nan,nan,nan,nan,0.975609756097561,1.0,0.9310344827586207,24,10
0.08921783932277726,0.9667832167832168,0.9666990955364249,0.9671781352193355,0.9664006169269328,nan,nan,nan,nan,nan,nan,nan,0.9560439560439561,0.98,0.9631578947368421,25,10
0.0931234158989456,0.9736842105263158,0.9738763262244131,0.9737708145814582,0.9740462145505893,nan,nan,nan,nan,0.9692307692307692,0.9827586206896551,0.9701492537313433,nan,nan,nan,19,11
0.05485351498807884,0.9805996472663139,0.9805311466513652,0.9806480996957188,0.9804509291473283,nan,nan,nan,nan,0.9788359788359788,0.9896907216494846,0.9728260869565217,nan,nan,nan,17,11
0.06881002355428216,0.9775474956822107,0.9761994768323171,0.9774855195703583,0.9751879253754037,0.9935897435897436,1.0,0.9645390070921985,0.9426229508196722,nan,nan,nan,nan,nan,nan,0,11
0.14034740117171574,0.956140350877193,0.9559211248420304,0.9550239828372821,0.9576885498574187,nan,nan,nan,nan,nan,nan,nan,0.9392523364485982,0.9942528735632183,0.9395604395604396,27,11
0.07604798172704047,0.9805309734513274,0.98055874085592,0.9806733286776051,0.9806942570100464,nan,nan,nan,nan,0.9944444444444445,0.9578947368421052,0.9897435897435898,nan,nan,nan,11,11
0.12365051458537993,0.9582608695652174,0.9561034482966739,0.95956501188046,0.9550207749150974,0.9933333333333333,0.9939393939393939,0.9606299212598425,0.8721804511278195,nan,nan,nan,nan,nan,nan,8,11
0.08439048214840066,0.9740034662045061,0.972808514233412,0.9727893392968181,0.9731972734022055,0.9917355371900827,0.9943502824858758,0.952755905511811,0.9539473684210527,nan,nan,nan,nan,nan,nan,7,11
0.15859758747300426,0.9636048526863085,0.9641524811736832,0.9638471480879812,0.9656389505382653,0.9788732394366197,0.9855072463768116,0.9207317073170732,0.9774436090225563,nan,nan,nan,nan,nan,nan,6,11
0.08322989443937938,0.968476357267951,0.9685793582434409,0.9690344679940056,0.9686558425982431,nan,nan,nan,nan,0.9560975609756097,0.96045197740113,0.9894179894179894,nan,nan,nan,10,11
0.07007113478979782,0.9793103448275862,0.979242264363341,0.9794012762762763,0.9793144950519052,0.9784172661870504,0.987012987012987,0.9856115107913669,0.9662162162162162,nan,nan,nan,nan,nan,nan,5,11
0.11063626087515761,0.9602763385146805,0.9586593513134247,0.9591768041849201,0.958588616812301,0.9459459459459459,0.9824561403508771,0.9416666666666667,0.9642857142857143,nan,nan,nan,nan,nan,nan,4,11
0.06833119672309193,0.9750445632798574,0.9744250662458444,0.9739127035976124,0.9750305078381677,nan,nan,nan,nan,0.9800995024875622,0.9748427672955975,0.9701492537313433,nan,nan,nan,18,11
0.08965257348285781,0.9753086419753086,0.9754880122123119,0.9756194885410685,0.9756900875808792,nan,nan,nan,nan,nan,nan,nan,0.9847715736040609,0.9943820224719101,0.9479166666666666,21,11
0.08234801531458895,0.9716312056737588,0.9711172536270283,0.9732597534867286,0.9702340044041081,nan,nan,nan,nan,0.9758454106280193,0.9401197604790419,0.9947368421052631,nan,nan,nan,13,11
0.2241404053962065,0.9188712522045855,0.9206205051477258,0.9260669914018701,0.9232680787960383,nan,nan,nan,nan,nan,nan,nan,0.8300970873786407,0.9767441860465116,0.9629629629629629,22,11
0.14134318622139594,0.9522968197879859,0.9520474233145988,0.952267875120472,0.9529729729729729,nan,nan,nan,nan,nan,nan,nan,0.94,1.0,0.918918918918919,23,11
0.09622535947710276,0.9701754385964912,0.970319526972677,0.9705122822621188,0.9701936715766503,nan,nan,nan,nan,nan,nan,nan,0.9615384615384616,0.9840425531914894,0.965,20,11
0.05403571966518131,0.9807355516637478,0.9810380914117354,0.9815745393634842,0.9806972838643291,nan,nan,nan,nan,0.975,0.9774011299435028,0.9896907216494846,nan,nan,nan,16,11
0.11142018497431357,0.9586206896551724,0.957956790117336,0.960568792106644,0.9565773850023483,1.0,0.9787234042553191,0.9083969465648855,0.9391891891891891,nan,nan,nan,nan,nan,nan,9,11
0.11241968015306875,0.9722703639514731,0.972258233218046,0.973027625290984,0.9720202679106789,1.0,0.9863013698630136,0.961038961038961,0.9407407407407408,nan,nan,nan,nan,nan,nan,1,11
0.043945285743878536,0.9840425531914894,0.9838242648592547,0.9838242648592547,0.9838242648592547,nan,nan,nan,nan,0.9948717948717949,0.9776536312849162,0.9789473684210527,nan,nan,nan,12,11
0.09773177045604421,0.972027972027972,0.9718494902359818,0.9708846154032381,0.9737915014618127,nan,nan,nan,nan,nan,nan,nan,0.9804878048780488,1.0,0.9408866995073891,24,11
0.08408234043357272,0.9736842105263158,0.9729819434972594,0.9733428549416555,0.9727497126453778,nan,nan,nan,nan,0.9904761904761905,0.963855421686747,0.9639175257731959,nan,nan,nan,14,11
0.1226829333831311,0.9604130808950087,0.9605418210423141,0.9605590482069889,0.960825323348548,0.9914529914529915,0.9826589595375722,0.9455782312925171,0.9236111111111112,nan,nan,nan,nan,nan,nan,2,11
0.08162780711427331,0.9717314487632509,0.9719111158985131,0.9721845883976888,0.9721761895223886,nan,nan,nan,nan,nan,nan,nan,0.9552238805970149,0.9770114942528736,0.9842931937172775,28,11
0.08268673254901336,0.9772727272727273,0.9775675672412086,0.9776936026936026,0.977617780220105,nan,nan,nan,nan,0.9830508474576272,0.9653465346534653,0.9844559585492227,nan,nan,nan,15,11
0.0889112941092915,0.9650959860383944,0.965045384951881,0.9652700234353461,0.9653778320444987,nan,nan,nan,nan,nan,nan,nan,0.9384615384615385,1.0,0.9576719576719577,29,11
0.12845694625543225,0.9618055555555556,0.9620075588883121,0.9627089351878423,0.9633675752283242,0.9705882352941176,0.9352941176470588,0.9548872180451128,0.9927007299270073,nan,nan,nan,nan,nan,nan,3,11
0.13159956358787087,0.9474605954465849,0.947034868607601,0.9491634220772388,0.9479286966245833,nan,nan,nan,nan,nan,nan,nan,0.9786096256684492,0.9895287958115183,0.8756476683937824,26,11
0.08006069346124099,0.9702797202797203,0.9701732124261969,0.9705682001384993,0.9698987854251012,nan,nan,nan,nan,nan,nan,nan,0.9615384615384616,0.985,0.9631578947368421,25,11
0.27099278879662353,0.8994708994708994,0.9019996970156038,0.913276682772055,0.904654686941885,nan,nan,nan,nan,nan,nan,nan,0.7864077669902912,0.9593023255813954,0.9682539682539683,22,12
0.11057701211202105,0.9740034662045061,0.9740621620890627,0.9746535040498935,0.9738721197625307,1.0,0.9863013698630136,0.961038961038961,0.9481481481481482,nan,nan,nan,nan,nan,nan,1,12
0.11176592101784129,0.9586206896551724,0.958015843632282,0.9606541109644449,0.9565773850023483,1.0,0.9787234042553191,0.9083969465648855,0.9391891891891891,nan,nan,nan,nan,nan,nan,9,12
0.06625272528464465,0.9793103448275862,0.979242264363341,0.9794012762762763,0.9793144950519052,0.9784172661870504,0.987012987012987,0.9856115107913669,0.9662162162162162,nan,nan,nan,nan,nan,nan,5,12
0.08931002269188563,0.972027972027972,0.9720141409911602,0.9711141132173348,0.9737915014618127,nan,nan,nan,nan,nan,nan,nan,0.9804878048780488,1.0,0.9408866995073891,24,12
0.06708114948062423,0.9810017271157168,0.9798064575307284,0.981030608658083,0.9788396698058366,1.0,1.0,0.9645390070921985,0.9508196721311475,nan,nan,nan,nan,nan,nan,0,12
0.07981817405303254,0.975736568457539,0.9748301727673473,0.9745113825836437,0.975489544434116,0.9917355371900827,0.9943502824858758,0.968503937007874,0.9473684210526315,nan,nan,nan,nan,nan,nan,7,12
0.13163884501490328,0.9578947368421052,0.9576495306524789,0.9567604948252688,0.9592461822561725,nan,nan,nan,nan,nan,nan,nan,0.9439252336448598,0.9942528735632183,0.9395604395604396,27,12
0.07549064368423489,0.9699646643109541,0.9701813319220537,0.970228321213543,0.9703441629189312,nan,nan,nan,nan,nan,nan,nan,0.9601990049751243,0.9770114942528736,0.9738219895287958,28,12
0.06892373790550563,0.9858407079646018,0.9859386629954155,0.9859835068498,0.9859574149047834,nan,nan,nan,nan,0.9944444444444445,0.9736842105263158,0.9897435897435898,nan,nan,nan,11,12
0.07798407945988907,0.9790209790209791,0.9792502593785506,0.9793426639426945,0.9792679452366068,nan,nan,nan,nan,0.9830508474576272,0.9702970297029703,0.9844559585492227,nan,nan,nan,15,12
0.07993955633396076,0.9703315881326352,0.9702991159360542,0.970382979489011,0.9705603038936372,nan,nan,nan,nan,nan,nan,nan,0.9487179487179487,1.0,0.9629629629629629,29,12
0.1161240560726987,0.9617391304347827,0.9598360638816785,0.9625073727886998,0.9590820106816791,0.9866666666666667,0.9939393939393939,0.968503937007874,0.8872180451127819,nan,nan,nan,nan,nan,nan,8,12
0.1344120563266592,0.9558303886925795,0.9555752779874918,0.9558571882301486,0.9564414414414414,nan,nan,nan,nan,nan,nan,nan,0.945,1.0,0.9243243243243243,23,12
0.04614641335663489,0.9824868651488616,0.982721088435374,0.9832323232323232,0.9823639505309959,nan,nan,nan,nan,0.98,0.9774011299435028,0.9896907216494846,nan,nan,nan,16,12
0.07914181166173269,0.9789473684210527,0.9781538356084593,0.9784283345726301,0.9779043518206355,nan,nan,nan,nan,0.9904761904761905,0.963855421686747,0.979381443298969,nan,nan,nan,14,12
0.04247001117457532,0.9840425531914894,0.9838568356745242,0.9837743530095958,0.9839770605427764,nan,nan,nan,nan,0.9897435897435898,0.9832402234636871,0.9789473684210527,nan,nan,nan,12,12
0.14741788293529107,0.9636048526863085,0.9641524811736832,0.9638471480879812,0.9656389505382653,0.9788732394366197,0.9855072463768116,0.9207317073170732,0.9774436090225563,nan,nan,nan,nan,nan,nan,6,12
0.08607283801150818,0.9771929824561404,0.9772532388286326,0.9771570907090709,0.9774139910526941,nan,nan,nan,nan,0.9743589743589743,0.9827586206896551,0.9751243781094527,nan,nan,nan,19,12
0.12660005890453854,0.9527145359019265,0.9523183845041648,0.9544280422674282,0.9532208747299281,nan,nan,nan,nan,nan,nan,nan,0.9893048128342246,0.9895287958115183,0.8808290155440415,26,12
0.09384507711633648,0.9689119170984456,0.967488340402157,0.9680886820423413,0.9669380376617218,0.9864864864864865,0.9824561403508771,0.9416666666666667,0.9571428571428572,nan,nan,nan,nan,nan,nan,4,12
0.07489607048531373,0.972027972027972,0.9719682537386478,0.972202699703785,0.9718180065548486,nan,nan,nan,nan,nan,nan,nan,0.967032967032967,0.98,0.968421052631579,25,12
0.08936663773945636,0.9735449735449735,0.9737295141790777,0.9739858670551741,0.9738174284048492,nan,nan,nan,nan,nan,nan,nan,0.9847715736040609,0.9887640449438202,0.9479166666666666,21,12
0.08333116036374122,0.9702276707530648,0.9703547575985983,0.9707092294165592,0.9705390817696178,nan,nan,nan,nan,0.9560975609756097,0.9661016949152542,0.9894179894179894,nan,nan,nan,10,12
0.06438991740449435,0.9750445632798574,0.9746207398171238,0.9742443064182195,0.9750305078381677,nan,nan,nan,nan,0.9751243781094527,0.9748427672955975,0.9751243781094527,nan,nan,nan,18,12
0.04888148793381535,0.9788359788359788,0.9788001720146471,0.9788959578433262,0.9787327160889091,nan,nan,nan,nan,0.9788359788359788,0.9845360824742269,0.9728260869565217,nan,nan,nan,17,12
0.07815497257332835,0.975177304964539,0.9746372071370488,0.9763690795007575,0.973840318346272,nan,nan,nan,nan,0.9806763285024155,0.9461077844311377,0.9947368421052631,nan,nan,nan,13,12
0.1181314272536455,0.9604130808950087,0.9602954108650951,0.9600830457254593,0.960825323348548,0.9914529914529915,0.9826589595375722,0.9455782312925171,0.9236111111111112,nan,nan,nan,nan,nan,nan,2,12
0.09422615671064705,0.9719298245614035,0.9720460756241648,0.9725897264115941,0.9716955030784818,nan,nan,nan,nan,nan,nan,nan,0.9560439560439561,0.9840425531914894,0.975,20,12
0.13049464248534706,0.9635416666666666,0.9637050278163853,0.9645732922048711,0.9648381634636183,0.9705882352941176,0.9411764705882353,0.9548872180451128,0.9927007299270073,nan,nan,nan,nan,nan,nan,3,12
0.2927234855790933,0.9029982363315696,0.9051722457189841,0.9151200819952838,0.9085306559341331,nan,nan,nan,nan,nan,nan,nan,0.7864077669902912,0.9709302325581395,0.9682539682539683,22,13
0.07350063608545396,0.9789473684210527,0.9783881947967777,0.978459376883316,0.978325082361848,nan,nan,nan,nan,0.9857142857142858,0.9698795180722891,0.979381443298969,nan,nan,nan,14,13
0.07983592611789289,0.9702276707530648,0.9702612794269038,0.9706656802351125,0.9702818588584057,nan,nan,nan,nan,0.9609756097560975,0.96045197740113,0.9894179894179894,nan,nan,nan,10,13
0.08634685012253208,0.9754385964912281,0.9755366529520835,0.9759563630513375,0.9753000545553737,nan,nan,nan,nan,nan,nan,nan,0.9615384615384616,0.9893617021276596,0.975,20,13
0.1150485220500023,0.9705372616984402,0.9704523807460688,0.9714228423804662,0.9701684160588271,1.0,0.9863013698630136,0.961038961038961,0.9333333333333333,nan,nan,nan,nan,nan,nan,1,13
0.0409814274430068,0.9822695035460993,0.9820552160919446,0.9820049838226724,0.982114863149853,nan,nan,nan,nan,0.9897435897435898,0.9776536312849162,0.9789473684210527,nan,nan,nan,12,13
0.06649175278532009,0.9858407079646018,0.9859386629954155,0.9859835068498,0.9859574149047834,nan,nan,nan,nan,0.9944444444444445,0.9736842105263158,0.9897435897435898,nan,nan,nan,11,13
0.0618234996476935,0.9768270944741533,0.9764808153563491,0.9762831674958541,0.9766888826308708,nan,nan,nan,nan,0.9751243781094527,0.9748427672955975,0.9800995024875622,nan,nan,nan,18,13
0.08354006857714719,0.9737762237762237,0.9736549668042583,0.9728713186358009,0.9754175177219753,nan,nan,nan,nan,nan,nan,nan,0.9853658536585366,1.0,0.9408866995073891,24,13
0.08355774673529798,0.9788359788359788,0.978980278980279,0.9789224392077367,0.9792988578680203,nan,nan,nan,nan,nan,nan,nan,0.9847715736040609,1.0,0.953125,21,13
0.06705567049276498,0.9772727272727273,0.9772001648834494,0.9773997092706229,0.9770599575862734,nan,nan,nan,nan,nan,nan,nan,0.978021978021978,0.99,0.9631578947368421,25,13
0.0683009432007869,0.9720767888307156,0.9720391111003948,0.9720828416976003,0.9722697056030389,nan,nan,nan,nan,nan,nan,nan,0.9538461538461539,1.0,0.9629629629629629,29,13
0.1279766227170411,0.9593639575971732,0.9591031326603846,0.9594465013398251,0.9599099099099099,nan,nan,nan,nan,nan,nan,nan,0.95,1.0,0.9297297297297298,23,13
0.14987285019780852,0.9549393414211439,0.9559709682364429,0.9565528194167727,0.9583723083229709,0.9788732394366197,0.9855072463768116,0.8841463414634146,0.9849624060150376,nan,nan,nan,nan,nan,nan,6,13
0.09695283757326634,0.9740932642487047,0.9731319954101936,0.9743444367042866,0.9722951805188647,0.9864864864864865,0.9824561403508771,0.9416666666666667,0.9785714285714285,nan,nan,nan,nan,nan,nan,4,13
0.06546511194105015,0.9774696707105719,0.9768369635766229,0.9765083822026429,0.9774580483711238,0.9917355371900827,0.9943502824858758,0.9763779527559056,0.9473684210526315,nan,nan,nan,nan,nan,nan,7,13
0.08030510411804749,0.980701754385965,0.980615165477175,0.9804272102467979,0.9808327944714975,nan,nan,nan,nan,0.9846153846153847,0.9827586206896551,0.9751243781094527,nan,nan,nan,19,13
0.06638660829661316,0.9758620689655172,0.9757855359049521,0.976027397260274,0.9759361166735268,0.9784172661870504,0.987012987012987,0.9856115107913669,0.9527027027027027,nan,nan,nan,nan,nan,nan,5,13
0.12015760177746415,0.9617391304347827,0.9597862400202046,0.9626298451203302,0.9591708153705667,0.9866666666666667,0.9939393939393939,0.9763779527559056,0.8796992481203008,nan,nan,nan,nan,nan,nan,8,13
0.12467110514019926,0.9596491228070175,0.9593343673557578,0.9585144885587279,0.9608038146549265,nan,nan,nan,nan,nan,nan,nan,0.9485981308411215,0.9942528735632183,0.9395604395604396,27,13
0.07289009199788173,0.9790209790209791,0.9792502593785506,0.9793426639426945,0.9792679452366068,nan,nan,nan,nan,0.9830508474576272,0.9702970297029703,0.9844559585492227,nan,nan,nan,15,13
0.08867962182940621,0.9655172413793104,0.9646933630878585,0.9657296743300134,0.9639917650312323,1.0,0.9787234042553191,0.9312977099236641,0.9459459459459459,nan,nan,nan,nan,nan,nan,9,13
0.11664557387121022,0.9604130808950087,0.9602042763235098,0.9597252289448821,0.9608607541875502,0.9914529914529915,0.9826589595375722,0.9387755102040817,0.9305555555555556,nan,nan,nan,nan,nan,nan,2,13
0.12832563385988274,0.9509632224168126,0.9504808168930307,0.9527636974223738,0.9514937590131751,nan,nan,nan,nan,nan,nan,nan,0.9893048128342246,0.9895287958115183,0.8756476683937824,26,13
0.07230105483904481,0.9717314487632509,0.9717820137231717,0.9719106063246284,0.9718320295974542,nan,nan,nan,nan,nan,nan,nan,0.9651741293532339,0.9712643678160919,0.9790575916230366,28,13
0.04134113678527582,0.9805996472663139,0.9805891835806216,0.9806432385667359,0.9805443102918078,nan,nan,nan,nan,0.9788359788359788,0.9845360824742269,0.9782608695652174,nan,nan,nan,17,13
0.06347848561371823,0.9810017271157168,0.9798064575307284,0.981030608658083,0.9788396698058366,1.0,1.0,0.9645390070921985,0.9508196721311475,nan,nan,nan,nan,nan,nan,0,13
0.04086066346563813,0.9842381786339754,0.9844040853899839,0.9849062639425545,0.9840306171976625,nan,nan,nan,nan,0.985,0.9774011299435028,0.9896907216494846,nan,nan,nan,16,13
0.07649137009866536,0.973404255319149,0.9722580379163263,0.9747929796713802,0.9710729063104404,nan,nan,nan,nan,0.9903381642512077,0.9281437125748503,0.9947368421052631,nan,nan,nan,13,13
0.11628039424411124,0.9670138888888888,0.9668850414970223,0.9675166328965562,0.9677793399342065,0.9705882352941176,0.9529411764705882,0.9548872180451128,0.9927007299270073,nan,nan,nan,nan,nan,nan,3,13
0.10938479903301127,0.9621342512908778,0.9620665186469288,0.96154593728856,0.9626322961376637,0.9914529914529915,0.9826589595375722,0.9319727891156463,0.9444444444444444,nan,nan,nan,nan,nan,nan,2,14
0.0689413085217691,0.9790209790209791,0.9792502593785506,0.9793426639426945,0.9792679452366068,nan,nan,nan,nan,0.9830508474576272,0.9702970297029703,0.9844559585492227,nan,nan,nan,15,14
0.03899732310027401,0.9840425531914894,0.9837774999989007,0.9837403337403338,0.9838242648592547,nan,nan,nan,nan,0.9948717948717949,0.9776536312849162,0.9789473684210527,nan,nan,nan,12,14
0.0705127608186255,0.9824561403508771,0.9818586270742854,0.9816755282411057,0.9820513275487813,nan,nan,nan,nan,0.9857142857142858,0.9759036144578314,0.9845360824742269,nan,nan,nan,14,14
0.0627345890940265,0.9809358752166378,0.9806601755110578,0.9804404413534501,0.9811689009157085,1.0,0.9943502824858758,0.9763779527559056,0.9539473684210527,nan,nan,nan,nan,nan,nan,7,14
0.0675998872352971,0.9720767888307156,0.9720391111003948,0.9720828416976003,0.9722697056030389,nan,nan,nan,nan,nan,nan,nan,0.9538461538461539,1.0,0.9629629629629629,29,14
0.06738489006008756,0.9775862068965517,0.9775138895449091,0.9777034951911798,0.977625305862716,0.9784172661870504,0.987012987012987,0.9856115107913669,0.9594594594594594,nan,nan,nan,nan,nan,nan,5,14
0.1533575803041458,0.9549393414211439,0.9558369047728497,0.9567773342323133,0.9580851043639748,0.9788732394366197,0.9782608695652174,0.8902439024390244,0.9849624060150376,nan,nan,nan,nan,nan,nan,6,14
0.12294445631818639,0.9611307420494699,0.9608449609151041,0.9612726360091123,0.9615765765765767,nan,nan,nan,nan,nan,nan,nan,0.955,1.0,0.9297297297297298,23,14
0.062270690001443856,0.9858407079646018,0.9859386629954155,0.9859835068498,0.9859574149047834,nan,nan,nan,nan,0.9944444444444445,0.9736842105263158,0.9897435897435898,nan,nan,nan,11,14
0.07980322853351633,0.9702276707530648,0.9702612794269038,0.9706656802351125,0.9702818588584057,nan,nan,nan,nan,0.9609756097560975,0.96045197740113,0.9894179894179894,nan,nan,nan,10,14
0.11115838143680441,0.9620689655172414,0.96154919699553,0.9643536328013982,0.9600396238369278,1.0,0.9858156028368794,0.9083969465648855,0.9459459459459459,nan,nan,nan,nan,nan,nan,9,14
0.11065585682323824,0.96,0.9582961743385698,0.961388883635609,0.9571135067446712,0.9866666666666667,0.9939393939393939,0.9606299212598425,0.8872180451127819,nan,nan,nan,nan,nan,nan,8,14
0.06254657651556449,0.9772727272727273,0.9772269823242868,0.9773153231612607,0.977147676884519,nan,nan,nan,nan,nan,nan,nan,0.978021978021978,0.985,0.968421052631579,25,14
0.08024010796927744,0.9737762237762237,0.9736976426746619,0.9728412289340879,0.9754335375866073,nan,nan,nan,nan,nan,nan,nan,0.9804878048780488,1.0,0.9458128078817734,24,14
0.07554180332873431,0.9788359788359788,0.978980278980279,0.9789224392077367,0.9792988578680203,nan,nan,nan,nan,nan,nan,nan,0.9847715736040609,1.0,0.953125,21,14
0.038380272683247715,0.9805996472663139,0.9805719370483241,0.980608950125864,0.9805443102918078,nan,nan,nan,nan,0.9788359788359788,0.9845360824742269,0.9782608695652174,nan,nan,nan,17,14
0.08506959896706241,0.9689119170984456,0.9671769840594171,0.9670355789118605,0.967332181805866,0.9797297297297297,0.9824561403508771,0.95,0.9571428571428572,nan,nan,nan,nan,nan,nan,4,14
0.34180550039228463,0.890652557319224,0.8934451907853442,0.9076172801076782,0.8965640720551535,nan,nan,nan,nan,nan,nan,nan,0.7621359223300971,0.9593023255813954,0.9682539682539683,22,14
0.037405023105546005,0.9859894921190894,0.9860871466841616,0.986596618845558,0.9856972838643291,nan,nan,nan,nan,0.99,0.9774011299435028,0.9896907216494846,nan,nan,nan,16,14
0.08244756664822085,0.9754385964912281,0.9755366529520835,0.9759563630513375,0.9753000545553737,nan,nan,nan,nan,nan,nan,nan,0.9615384615384616,0.9893617021276596,0.975,20,14
0.07115973603342557,0.973404255319149,0.9722580379163263,0.9747929796713802,0.9710729063104404,nan,nan,nan,nan,0.9903381642512077,0.9281437125748503,0.9947368421052631,nan,nan,nan,13,14
0.06001378312551727,0.9768270944741533,0.9762504929738256,0.9762825134543845,0.9762508213648737,nan,nan,nan,nan,0.9751243781094527,0.9685534591194969,0.9850746268656716,nan,nan,nan,18,14
0.11681053389070763,0.9614035087719298,0.9612105746937208,0.9603470962694264,0.9626353164864283,nan,nan,nan,nan,nan,nan,nan,0.9485981308411215,0.9942528735632183,0.945054945054945,27,14
0.10868038992500967,0.9670138888888888,0.9668850414970223,0.9675166328965562,0.9677793399342065,0.9705882352941176,0.9529411764705882,0.9548872180451128,0.9927007299270073,nan,nan,nan,nan,nan,nan,3,14
0.06826266398032506,0.9717314487632509,0.9717820137231717,0.9719106063246284,0.9718320295974542,nan,nan,nan,nan,nan,nan,nan,0.9651741293532339,0.9712643678160919,0.9790575916230366,28,14
0.06087729716321184,0.9844559585492227,0.9834476989424672,0.9843977961404109,0.9826618997790955,1.0,1.0,0.9716312056737588,0.9590163934426229,nan,nan,nan,nan,nan,nan,0,14
0.11157766868066239,0.975736568457539,0.9757145179939298,0.9763004197336285,0.975584448529654,1.0,0.9931506849315068,0.961038961038961,0.9481481481481482,nan,nan,nan,nan,nan,nan,1,14
0.1279016143331925,0.9509632224168126,0.9504163889087773,0.9532421348643739,0.951549174490718,nan,nan,nan,nan,nan,nan,nan,0.9946524064171123,0.9895287958115183,0.8704663212435233,26,14
0.07446664547832268,0.980701754385965,0.980615165477175,0.9804272102467979,0.9808327944714975,nan,nan,nan,nan,0.9846153846153847,0.9827586206896551,0.9751243781094527,nan,nan,nan,19,14
0.07691771333338693,0.9737302977232924,0.9736304312684516,0.9740161024051422,0.9736715435489033,nan,nan,nan,nan,0.9658536585365853,0.96045197740113,0.9947089947089947,nan,nan,nan,10,15
0.1248268607693414,0.9527145359019265,0.9522307025336368,0.9548115260831435,0.9532762902074711,nan,nan,nan,nan,nan,nan,nan,0.9946524064171123,0.9895287958115183,0.8756476683937824,26,15
0.056992338336486786,0.9738219895287958,0.9737789013681093,0.9738000978008211,0.9739791073124406,nan,nan,nan,nan,nan,nan,nan,0.958974358974359,1.0,0.9629629629629629,29,15
0.07407254858925524,0.9737762237762237,0.9736976426746619,0.9728412289340879,0.9754335375866073,nan,nan,nan,nan,nan,nan,nan,0.9804878048780488,1.0,0.9458128078817734,24,15
0.07084988999283975,0.9789473684210527,0.9787945095750082,0.9786813186813187,0.9789170856592371,nan,nan,nan,nan,0.9846153846153847,0.9770114942528736,0.9751243781094527,nan,nan,nan,19,15
0.06630578766473466,0.9717314487632509,0.9717894640671035,0.9722408878166292,0.9716615214832739,nan,nan,nan,nan,nan,nan,nan,0.9651741293532339,0.9655172413793104,0.9842931937172775,28,15
0.11665986545590891,0.9611307420494699,0.9608449609151041,0.9612726360091123,0.9615765765765767,nan,nan,nan,nan,nan,nan,nan,0.955,1.0,0.9297297297297298,23,15
0.08058989869651238,0.9740932642487047,0.972825557280489,0.9732108873879615,0.9724962744699587,0.9932432432432432,0.9824561403508771,0.95,0.9642857142857143,nan,nan,nan,nan,nan,nan,4,15
0.037538876498325005,0.9840425531914894,0.9837774999989007,0.9837403337403338,0.9838242648592547,nan,nan,nan,nan,0.9948717948717949,0.9776536312849162,0.9789473684210527,nan,nan,nan,12,15
0.06992659482380582,0.973404255319149,0.9722580379163263,0.9747929796713802,0.9710729063104404,nan,nan,nan,nan,0.9903381642512077,0.9281437125748503,0.9947368421052631,nan,nan,nan,13,15
0.1083607635963218,0.9621342512908778,0.961939344000712,0.9613072904040831,0.9626677269766659,0.9914529914529915,0.9826589595375722,0.9251700680272109,0.9513888888888888,nan,nan,nan,nan,nan,nan,2,15
0.06001107189028213,0.9790209790209791,0.9789736979539638,0.979169320440816,0.9788143435511856,nan,nan,nan,nan,nan,nan,nan,0.978021978021978,0.99,0.968421052631579,25,15
0.07915851189237502,0.9754385964912281,0.9755532508542225,0.9761069525110736,0.9751936715766503,nan,nan,nan,nan,nan,nan,nan,0.9615384615384616,0.9840425531914894,0.98,20,15
0.03496075745594377,0.9877408056042032,0.9879778554778555,0.9881972789115645,0.987797095540412,nan,nan,nan,nan,0.985,0.9887005649717514,0.9896907216494846,nan,nan,nan,16,15
0.10151887777546006,0.9652173913043478,0.9635670050200356,0.9656876242061925,0.9628414091779197,0.9866666666666667,0.9939393939393939,0.968503937007874,0.9022556390977443,nan,nan,nan,nan,nan,nan,8,15
0.06454762720709874,0.9772727272727273,0.9774431074072911,0.9774203949529731,0.9775408295198537,nan,nan,nan,nan,0.9830508474576272,0.9702970297029703,0.9792746113989638,nan,nan,nan,15,15
0.14112225918736504,0.9549393414211439,0.9558369047728497,0.9567773342323133,0.9580851043639748,0.9788732394366197,0.9782608695652174,0.8902439024390244,0.9849624060150376,nan,nan,nan,nan,nan,nan,6,15
0.07235495753896733,0.9805996472663139,0.9807145410665666,0.9805923923570982,0.9810349689791314,nan,nan,nan,nan,nan,nan,nan,0.9847715736040609,1.0,0.9583333333333334,21,15
0.06627574604418543,0.9842105263157894,0.9837056565988233,0.9836498736942617,0.9837695406072006,nan,nan,nan,nan,0.9857142857142858,0.9759036144578314,0.9896907216494846,nan,nan,nan,14,15
0.10860615723908672,0.9631578947368421,0.9628965515686417,0.9621109800067282,0.9641929488851823,nan,nan,nan,nan,nan,nan,nan,0.9532710280373832,0.9942528735632183,0.945054945054945,27,15
0.06601532716242793,0.9774696707105719,0.9768046251079916,0.9767068951865177,0.9770366695107499,0.9834710743801653,0.9943502824858758,0.9763779527559056,0.9539473684210527,nan,nan,nan,nan,nan,nan,7,15
0.1067318124179211,0.96875,0.9684765694256057,0.9690177366493156,0.9692499281695006,0.9705882352941176,0.9588235294117647,0.9548872180451128,0.9927007299270073,nan,nan,nan,nan,nan,nan,3,15
0.09528388203072705,0.9689655172413794,0.9685476450458315,0.9703635620915032,0.9674540038658115,1.0,0.9858156028368794,0.9312977099236641,0.9527027027027027,nan,nan,nan,nan,nan,nan,9,15
0.035133590559578605,0.9841269841269841,0.9840944766493157,0.9841912473491421,0.984026191780562,nan,nan,nan,nan,0.9841269841269841,0.9896907216494846,0.9782608695652174,nan,nan,nan,17,15
0.059443836824761495,0.9858407079646018,0.9859386629954155,0.9859835068498,0.9859574149047834,nan,nan,nan,nan,0.9944444444444445,0.9736842105263158,0.9897435897435898,nan,nan,nan,11,15
0.33956457809027696,0.8959435626102292,0.8983278210480236,0.9103715106732349,0.9017383025059701,nan,nan,nan,nan,nan,nan,nan,0.7718446601941747,0.9651162790697675,0.9682539682539683,22,15
0.06529669928070354,0.9758620689655172,0.9757855359049521,0.976027397260274,0.9759361166735268,0.9784172661870504,0.987012987012987,0.9856115107913669,0.9527027027027027,nan,nan,nan,nan,nan,nan,5,15
0.10715937286333524,0.975736568457539,0.9756827151294365,0.9763120381837272,0.975584448529654,1.0,0.9931506849315068,0.961038961038961,0.9481481481481482,nan,nan,nan,nan,nan,nan,1,15
0.055830993187172634,0.9827288428324698,0.9815643268020129,0.9821133760107817,0.9810993997790954,1.0,0.99375,0.9716312056737588,0.9590163934426229,nan,nan,nan,nan,nan,nan,0,15
0.0540268348219494,0.9768270944741533,0.9762504929738256,0.9762825134543845,0.9762508213648737,nan,nan,nan,nan,0.9751243781094527,0.9685534591194969,0.9850746268656716,nan,nan,nan,18,15
0.052345425828308284,0.9786096256684492,0.9779091243233687,0.9779171596404924,0.9779091961575768,nan,nan,nan,nan,0.9800995024875622,0.9685534591194969,0.9850746268656716,nan,nan,nan,18,16
0.09435387472816122,0.9652173913043478,0.9637631836804335,0.9660719143310388,0.9628414091779197,0.9866666666666667,0.9939393939393939,0.968503937007874,0.9022556390977443,nan,nan,nan,nan,nan,nan,8,16
0.057156702568237155,0.9825174825174825,0.9825435298072115,0.9826441376894294,0.9824773472141893,nan,nan,nan,nan,nan,nan,nan,0.989010989010989,0.99,0.968421052631579,25,16
0.09830930644468601,0.9672413793103448,0.9669267175362017,0.9689511511879934,0.9657648146766223,1.0,0.9858156028368794,0.9312977099236641,0.9459459459459459,nan,nan,nan,nan,nan,nan,9,16
0.10264047878768502,0.9631578947368421,0.9630865864900208,0.9621977298110299,0.9644668183179301,nan,nan,nan,nan,nan,nan,nan,0.9485981308411215,0.9942528735632183,0.9505494505494505,27,16
0.07273847163499643,0.9716312056737588,0.9703632925603257,0.9732428336411186,0.9690768983264085,nan,nan,nan,nan,0.9903381642512077,0.9221556886227545,0.9947368421052631,nan,nan,nan,13,16
0.06282693183877402,0.9842105263157894,0.9837056565988233,0.9836498736942617,0.9837695406072006,nan,nan,nan,nan,0.9857142857142858,0.9759036144578314,0.9896907216494846,nan,nan,nan,14,16
0.1338804396541996,0.9509632224168126,0.9504163889087773,0.9532421348643739,0.951549174490718,nan,nan,nan,nan,nan,nan,nan,0.9946524064171123,0.9895287958115183,0.8704663212435233,26,16
0.09067906931482463,0.9739583333333334,0.9732584560135726,0.9736435869894516,0.973661692875383,0.9705882352941176,0.9764705882352941,0.9548872180451128,0.9927007299270073,nan,nan,nan,nan,nan,nan,3,16
0.032494958454561934,0.9877408056042032,0.9879778554778555,0.9881972789115645,0.987797095540412,nan,nan,nan,nan,0.985,0.9887005649717514,0.9896907216494846,nan,nan,nan,16,16
0.07306028753777759,0.9771929824561404,0.977292233113103,0.9775784294013198,0.9771315563868755,nan,nan,nan,nan,nan,nan,nan,0.967032967032967,0.9893617021276596,0.975,20,16
0.10568585698370282,0.963855421686747,0.9636461131270937,0.9630404793496347,0.9644038380877771,0.9914529914529915,0.9826589595375722,0.9251700680272109,0.9583333333333334,nan,nan,nan,nan,nan,nan,2,16
0.10969424531427457,0.975736568457539,0.9756827151294365,0.9763120381837272,0.975584448529654,1.0,0.9931506849315068,0.961038961038961,0.9481481481481482,nan,nan,nan,nan,nan,nan,1,16
0.06527561414986849,0.9772727272727273,0.9774261348438656,0.9772168064496493,0.9776969529744753,nan,nan,nan,nan,0.9887005649717514,0.9702970297029703,0.9740932642487047,nan,nan,nan,15,16
0.05064564288936948,0.9792027729636048,0.9788149256238446,0.978709718201068,0.9791027852132291,0.9917355371900827,0.9943502824858758,0.9763779527559056,0.9539473684210527,nan,nan,nan,nan,nan,nan,7,16
0.05170878255739808,0.9808027923211169,0.9808296092175081,0.9808480488962371,0.9809795143128476,nan,nan,nan,nan,nan,nan,nan,0.9641025641025641,1.0,0.9788359788359788,29,16
0.11595343485371107,0.9611307420494699,0.9608449609151041,0.9612726360091123,0.9615765765765767,nan,nan,nan,nan,nan,nan,nan,0.955,1.0,0.9297297297297298,23,16
0.055468808585397995,0.9827288428324698,0.981798895513748,0.9823659644867648,0.9813755304615742,1.0,0.99375,0.9645390070921985,0.9672131147540983,nan,nan,nan,nan,nan,nan,0,16
0.03158408056414272,0.9858906525573192,0.9858831784961105,0.985937802331245,0.9858377859834606,nan,nan,nan,nan,0.9841269841269841,0.9896907216494846,0.9836956521739131,nan,nan,nan,17,16
0.16110391832741075,0.949740034662045,0.9508612231545162,0.9525037012427789,0.9535119336322675,0.9788732394366197,0.9782608695652174,0.8719512195121951,0.9849624060150376,nan,nan,nan,nan,nan,nan,6,16
0.43647593528860146,0.8712522045855379,0.8740050936674707,0.8952081841757753,0.8790845808231222,nan,nan,nan,nan,nan,nan,nan,0.7038834951456311,0.9651162790697675,0.9682539682539683,22,16
0.038162092461587034,0.9822695035460993,0.9819749159476537,0.9819966472001588,0.981962067466331,nan,nan,nan,nan,0.9948717948717949,0.9720670391061452,0.9789473684210527,nan,nan,nan,12,16
0.0674760984774265,0.9755244755244755,0.9753723343676581,0.9743314906189703,0.9770915935760343,nan,nan,nan,nan,nan,nan,nan,0.975609756097561,1.0,0.9556650246305419,24,16
0.06513066456873755,0.9775862068965517,0.9775118160743538,0.9777973258268825,0.9777346778246059,0.9784172661870504,0.987012987012987,0.9928057553956835,0.9527027027027027,nan,nan,nan,nan,nan,nan,5,16
0.06584343420238131,0.9805996472663139,0.9807145410665666,0.9805923923570982,0.9810349689791314,nan,nan,nan,nan,nan,nan,nan,0.9847715736040609,1.0,0.9583333333333334,21,16
0.0748240170521765,0.9754816112084063,0.9754506030368099,0.9756723070082381,0.9755547827202781,nan,nan,nan,nan,0.9658536585365853,0.9661016949152542,0.9947089947089947,nan,nan,nan,10,16
0.0850695199516945,0.9740932642487047,0.9727001378287854,0.972845772853248,0.9725927995664838,0.9864864864864865,0.9824561403508771,0.95,0.9714285714285714,nan,nan,nan,nan,nan,nan,4,16
0.05791132709580577,0.9876106194690265,0.9876763370114462,0.9876686186405913,0.9877118008696956,nan,nan,nan,nan,0.9944444444444445,0.9789473684210527,0.9897435897435898,nan,nan,nan,11,16
0.06256756569362348,0.9752650176678446,0.9754185535885824,0.9754919942660685,0.975406113202418,nan,nan,nan,nan,nan,nan,nan,0.9701492537313433,0.9770114942528736,0.9790575916230366,28,16
0.06686855632708305,0.9789473684210527,0.9788000183002185,0.9788989561257454,0.9787107785563781,nan,nan,nan,nan,0.9897435897435898,0.9712643678160919,0.9751243781094527,nan,nan,nan,19,16
0.10003027185222083,0.9631578947368421,0.9632768300347531,0.9623391684367295,0.9647406877506781,nan,nan,nan,nan,nan,nan,nan,0.9439252336448598,0.9942528735632183,0.9560439560439561,27,17
0.038104474429726705,0.9840425531914894,0.983775936003692,0.9838448448569256,0.9837164534312431,nan,nan,nan,nan,0.9948717948717949,0.9720670391061452,0.9842105263157894,nan,nan,nan,12,17
0.06384939629222369,0.9805996472663139,0.9807145410665666,0.9805923923570982,0.9810349689791314,nan,nan,nan,nan,nan,nan,nan,0.9847715736040609,1.0,0.9583333333333334,21,17
0.06162843741993937,0.9790209790209791,0.9791242905131473,0.9789277968048918,0.9794240686912284,nan,nan,nan,nan,0.9887005649717514,0.9702970297029703,0.9792746113989638,nan,nan,nan,15,17
0.16440700909956113,0.9445407279029463,0.9458651314321418,0.9484205126428286,0.9487025897641809,0.971830985915493,0.9782608695652174,0.8597560975609756,0.9849624060150376,nan,nan,nan,nan,nan,nan,6,17
0.0842295489702864,0.9792746113989638,0.978241389635484,0.979150490377435,0.9775296913454807,0.9932432432432432,0.9883040935672515,0.95,0.9785714285714285,nan,nan,nan,nan,nan,nan,4,17
0.05917057508809699,0.9752650176678446,0.9754287907725724,0.9757957548413588,0.9752356050882375,nan,nan,nan,nan,nan,nan,nan,0.9701492537313433,0.9712643678160919,0.9842931937172775,28,17
0.07240760030819932,0.978984238178634,0.9790875557991261,0.9790337790895568,0.9793212610630276,nan,nan,nan,nan,0.9658536585365853,0.9774011299435028,0.9947089947089947,nan,nan,nan,10,17
0.08797412897628318,0.9721739130434782,0.9709658465299839,0.972175124417101,0.9703602061704009,0.9866666666666667,0.9939393939393939,0.968503937007874,0.9323308270676691,nan,nan,nan,nan,nan,nan,8,17
0.06325574394496572,0.9859649122807017,0.9855187101838435,0.9852851988331031,0.9857775727357145,nan,nan,nan,nan,0.9857142857142858,0.9819277108433735,0.9896907216494846,nan,nan,nan,14,17
0.04885819596414589,0.9861830742659758,0.985048267388173,0.9857618183984797,0.9844349494244855,1.0,1.0,0.9787234042553191,0.9590163934426229,nan,nan,nan,nan,nan,nan,0,17
0.04869663842125899,0.9808027923211169,0.9808190938166427,0.9807749494810324,0.9809252475919142,nan,nan,nan,nan,nan,nan,nan,0.9692307692307692,1.0,0.9735449735449735,29,17
0.031135082118756447,0.989492119089317,0.9896652944836631,0.9898966704936853,0.9894637622070787,nan,nan,nan,nan,0.99,0.9887005649717514,0.9896907216494846,nan,nan,nan,16,17
0.09882388374841723,0.9655765920826161,0.9653758106988698,0.9647437571022408,0.9661045183598859,0.9914529914529915,0.9826589595375722,0.9319727891156463,0.9583333333333334,nan,nan,nan,nan,nan,nan,2,17
0.05209545325181496,0.9774696707105719,0.9769665461653132,0.9770003112008817,0.9770366695107499,0.9834710743801653,0.9943502824858758,0.9763779527559056,0.9539473684210527,nan,nan,nan,nan,nan,nan,7,17
0.0711703103216779,0.9771929824561404,0.9774102610677787,0.9779901916824483,0.9770251734081521,nan,nan,nan,nan,nan,nan,nan,0.967032967032967,0.9840425531914894,0.98,20,17
0.08202528073850676,0.9706896551724138,0.9699773896793119,0.970850872300356,0.9693624008123765,1.0,0.9858156028368794,0.9389312977099237,0.9527027027027027,nan,nan,nan,nan,nan,nan,9,17
0.06823842604889681,0.9775862068965517,0.9775118160743538,0.9777973258268825,0.9777346778246059,0.9784172661870504,0.987012987012987,0.9928057553956835,0.9527027027027027,nan,nan,nan,nan,nan,nan,5,17
0.40100715919915175,0.8835978835978836,0.8862363928638173,0.9025752858093493,0.8904114416645462,nan,nan,nan,nan,nan,nan,nan,0.7378640776699029,0.9651162790697675,0.9682539682539683,22,17
0.11136509177999364,0.9628975265017667,0.9625871583871444,0.963118829255471,0.9632432432432433,nan,nan,nan,nan,nan,nan,nan,0.96,1.0,0.9297297297297298,23,17
0.029520595842364453,0.9876543209876543,0.9876493801863591,0.9876493801863591,0.9876493801863591,nan,nan,nan,nan,0.9841269841269841,0.9896907216494846,0.9891304347826086,nan,nan,nan,17,17
0.04884099775356137,0.9786096256684492,0.9779091243233687,0.9779171596404924,0.9779091961575768,nan,nan,nan,nan,0.9800995024875622,0.9685534591194969,0.9850746268656716,nan,nan,nan,18,17
0.06431587608919169,0.9789473684210527,0.9787711292843584,0.9788580147296148,0.9787107785563781,nan,nan,nan,nan,0.9897435897435898,0.9712643678160919,0.9751243781094527,nan,nan,nan,19,17
0.06629468464396066,0.9755244755244755,0.9753723343676581,0.9743314906189703,0.9770915935760343,nan,nan,nan,nan,nan,nan,nan,0.975609756097561,1.0,0.9556650246305419,24,17
0.11489883502427903,0.9597197898423818,0.9594146090058896,0.9611318522252503,0.9601847530744831,nan,nan,nan,nan,nan,nan,nan,0.9946524064171123,0.9895287958115183,0.8963730569948186,26,17
0.09247105449645056,0.9774305555555556,0.9767500653651939,0.9771515214890725,0.9770119803587974,0.9705882352941176,0.9823529411764705,0.9624060150375939,0.9927007299270073,nan,nan,nan,nan,nan,nan,3,17
0.1065174508962388,0.9774696707105719,0.9774528009321952,0.9779604998406596,0.9774363003815059,1.0,0.9931506849315068,0.961038961038961,0.9555555555555556,nan,nan,nan,nan,nan,nan,1,17
0.06887074404706557,0.9769503546099291,0.975787604773112,0.9779332184580039,0.9746792202526043,nan,nan,nan,nan,0.9951690821256038,0.9341317365269461,0.9947368421052631,nan,nan,nan,13,17
0.05900813813786954,0.9876106194690265,0.9875962492673102,0.9876372376781744,0.9876668166141851,nan,nan,nan,nan,0.9944444444444445,0.9736842105263158,0.9948717948717949,nan,nan,nan,11,17
0.06900309018480281,0.972027972027972,0.9720754993543808,0.9724966936042377,0.9719057258530942,nan,nan,nan,nan,nan,nan,nan,0.967032967032967,0.975,0.9736842105263158,25,17
0.08700985803281786,0.9721739130434782,0.9709658465299839,0.972175124417101,0.9703602061704009,0.9866666666666667,0.9939393939393939,0.968503937007874,0.9323308270676691,nan,nan,nan,nan,nan,nan,8,18
0.03876790021766081,0.9840425531914894,0.983775936003692,0.9838448448569256,0.9837164534312431,nan,nan,nan,nan,0.9948717948717949,0.9720670391061452,0.9842105263157894,nan,nan,nan,12,18
0.061441021447535604,0.9772727272727273,0.9773550710094338,0.9763781624035707,0.978733629700829,nan,nan,nan,nan,nan,nan,nan,0.975609756097561,1.0,0.9605911330049262,24,18
0.02806413103502968,0.989492119089317,0.9896652944836631,0.9898966704936853,0.9894637622070787,nan,nan,nan,nan,0.99,0.9887005649717514,0.9896907216494846,nan,nan,nan,16,18
0.0635474467202776,0.9740034662045061,0.9731638561583887,0.9728530657831188,0.9737471958265393,0.9834710743801653,0.9943502824858758,0.9763779527559056,0.9407894736842105,nan,nan,nan,nan,nan,nan,7,18
0.05261144981098672,0.9807692307692307,0.9808652460952502,0.980840666520374,0.9808983998457683,nan,nan,nan,nan,nan,nan,nan,0.989010989010989,0.98,0.9736842105263158,25,18
0.11335121998046008,0.9632224168126094,0.9630277975940715,0.9643881118881118,0.9636389845079892,nan,nan,nan,nan,nan,nan,nan,0.9946524064171123,0.9895287958115183,0.9067357512953368,26,18
0.04522536511917439,0.9879101899827288,0.9869820814287744,0.9875445527688236,0.9864841297523543,1.0,1.0,0.9787234042553191,0.9672131147540983,nan,nan,nan,nan,nan,nan,0,18
0.09159022907873518,0.9655765920826161,0.965307218149829,0.9646811932639014,0.9660336566818812,0.9914529914529915,0.9826589595375722,0.9455782312925171,0.9444444444444444,nan,nan,nan,nan,nan,nan,2,18
0.04526919612221213,0.9786096256684492,0.9779091243233687,0.9779171596404924,0.9779091961575768,nan,nan,nan,nan,0.9800995024875622,0.9685534591194969,0.9850746268656716,nan,nan,nan,18,18
0.06192300335452375,0.9859649122807017,0.9855187101838435,0.9852851988331031,0.9857775727357145,nan,nan,nan,nan,0.9857142857142858,0.9819277108433735,0.9896907216494846,nan,nan,nan,14,18
0.0699786113231982,0.9741379310344828,0.9740515140849918,0.9745296767355591,0.9742469274843376,0.9712230215827338,0.987012987012987,0.9928057553956835,0.9459459459459459,nan,nan,nan,nan,nan,nan,5,18
0.16150519544699868,0.949740034662045,0.9510495056492348,0.9535394384789193,0.9541544465954814,0.9788732394366197,0.9855072463768116,0.8597560975609756,0.9924812030075187,nan,nan,nan,nan,nan,nan,6,18
0.10508438156255961,0.9774696707105719,0.9773967593287234,0.9777436841459963,0.9774363003815059,1.0,0.9931506849315068,0.961038961038961,0.9555555555555556,nan,nan,nan,nan,nan,nan,1,18
0.2073502507655097,0.9431034482758621,0.9426664859267906,0.9498288319486362,0.9399240884542167,1.0,0.9858156028368794,0.8549618320610687,0.918918918918919,nan,nan,nan,nan,nan,nan,9,18
0.027576063061133027,0.9876543209876543,0.9876493801863591,0.9876493801863591,0.9876493801863591,nan,nan,nan,nan,0.9841269841269841,0.9896907216494846,0.9891304347826086,nan,nan,nan,17,18
0.05690747784036729,0.9787985865724381,0.9789461486288782,0.9791480859905698,0.9788096886932013,nan,nan,nan,nan,nan,nan,nan,0.9751243781094527,0.9770114942528736,0.9842931937172775,28,18
0.0439540819497779,0.9825479930191972,0.9825652213435143,0.9825479930191973,0.9826889160222493,nan,nan,nan,nan,nan,nan,nan,0.9692307692307692,1.0,0.9788359788359788,29,18
0.08394037150234605,0.9774305555555556,0.9765080251910805,0.9770699551907455,0.9763035217928893,0.9705882352941176,0.9941176470588236,0.9624060150375939,0.9781021897810219,nan,nan,nan,nan,nan,nan,3,18
0.055116733212748334,0.9858407079646018,0.9858536544219983,0.9859696859696859,0.9859124306492727,nan,nan,nan,nan,0.9944444444444445,0.968421052631579,0.9948717948717949,nan,nan,nan,11,18
0.11041123233735561,0.9664310954063604,0.9660510001904582,0.9666227116912264,0.9665765765765766,nan,nan,nan,nan,nan,nan,nan,0.97,1.0,0.9297297297297298,23,18
0.440024899939696,0.8747795414462081,0.8774103904263915,0.897353638425067,0.8826406882965926,nan,nan,nan,nan,nan,nan,nan,0.7087378640776699,0.9709302325581395,0.9682539682539683,22,18
0.05890622595325112,0.9805996472663139,0.9807145410665666,0.9805923923570982,0.9810349689791314,nan,nan,nan,nan,nan,nan,nan,0.9847715736040609,1.0,0.9583333333333334,21,18
0.06768488109163526,0.980701754385965,0.9808615651899233,0.9812088068653111,0.980629724885044,nan,nan,nan,nan,nan,nan,nan,0.9725274725274725,0.9893617021276596,0.98,20,18
0.0710641490327867,0.978984238178634,0.9789609809192056,0.9790259408856938,0.9790640381518155,nan,nan,nan,nan,0.9707317073170731,0.9717514124293786,0.9947089947089947,nan,nan,nan,10,18
0.09240231045017329,0.968421052631579,0.9683363556767044,0.9675773300773302,0.9694135849469397,nan,nan,nan,nan,nan,nan,nan,0.9579439252336449,0.9942528735632183,0.9560439560439561,27,18
0.06310811937308042,0.9789473684210527,0.9787711292843584,0.9788580147296148,0.9787107785563781,nan,nan,nan,nan,0.9897435897435898,0.9712643678160919,0.9751243781094527,nan,nan,nan,19,18
0.07863889247681455,0.9775474956822107,0.9763075768289798,0.9769767090025852,0.9757439770597665,0.9932432432432432,0.9883040935672515,0.95,0.9714285714285714,nan,nan,nan,nan,nan,nan,4,18
0.06464883163830058,0.9787234042553191,0.9776817644393369,0.9795295706400488,0.9766752282366363,nan,nan,nan,nan,0.9951690821256038,0.9401197604790419,0.9947368421052631,nan,nan,nan,13,18
0.06017040383691589,0.9790209790209791,0.9791242905131473,0.9789277968048918,0.9794240686912284,nan,nan,nan,nan,0.9887005649717514,0.9702970297029703,0.9792746113989638,nan,nan,nan,15,18
0.06040681205922738,0.9789473684210527,0.9787711292843584,0.9788580147296148,0.9787107785563781,nan,nan,nan,nan,0.9897435897435898,0.9712643678160919,0.9751243781094527,nan,nan,nan,19,19
0.09246609591031706,0.968421052631579,0.9683363556767044,0.9675773300773302,0.9694135849469397,nan,nan,nan,nan,nan,nan,nan,0.9579439252336449,0.9942528735632183,0.9560439560439561,27,19
0.054234239020540066,0.9807692307692307,0.9808652460952502,0.980840666520374,0.9808983998457683,nan,nan,nan,nan,nan,nan,nan,0.989010989010989,0.98,0.9736842105263158,25,19
0.29324538972057207,0.9344827586206896,0.9350506697937937,0.9460915818686402,0.931258934750895,1.0,0.9858156028368794,0.8473282442748091,0.8918918918918919,nan,nan,nan,nan,nan,nan,9,19
0.046433774467291904,0.9861830742659758,0.9851950986450545,0.9855031673591081,0.9849216297523543,1.0,0.99375,0.9787234042553191,0.9672131147540983,nan,nan,nan,nan,nan,nan,0,19
0.039647812735185854,0.9840425531914894,0.9838448448569256,0.9840109824591593,0.9837164534312431,nan,nan,nan,nan,0.9948717948717949,0.9720670391061452,0.9842105263157894,nan,nan,nan,12,19
0.09045680235507653,0.963855421686747,0.9636878381143741,0.9631058365578489,0.9643329764097726,0.9914529914529915,0.9826589595375722,0.9387755102040817,0.9444444444444444,nan,nan,nan,nan,nan,nan,2,19
0.05981404479825869,0.9859649122807017,0.9854982873235422,0.9855686403275236,0.9854877536656198,nan,nan,nan,nan,0.9857142857142858,0.9759036144578314,0.9948453608247423,nan,nan,nan,14,19
0.09608605777611956,0.9774305555555556,0.9765229676365805,0.9771210440883988,0.9766028693459713,0.9705882352941176,0.9882352941176471,0.9548872180451128,0.9927007299270073,nan,nan,nan,nan,nan,nan,3,19
0.11185921808808214,0.9632224168126094,0.9630065425645888,0.9643488391245031,0.9636389845079892,nan,nan,nan,nan,nan,nan,nan,0.9946524064171123,0.9895287958115183,0.9067357512953368,26,19
0.07732754532174256,0.9689119170984456,0.9670813737385688,0.9670818783946433,0.9671049809207704,0.972972972972973,0.9883040935672515,0.95,0.9571428571428572,nan,nan,nan,nan,nan,nan,4,19
0.0613882210260878,0.9787234042553191,0.9776817644393369,0.9795295706400488,0.9766752282366363,nan,nan,nan,nan,0.9951690821256038,0.9401197604790419,0.9947368421052631,nan,nan,nan,13,19
0.053106750077050596,0.9787985865724381,0.9790443578355571,0.979437162878182,0.978722862787824,nan,nan,nan,nan,nan,nan,nan,0.9800995024875622,0.9770114942528736,0.9790575916230366,28,19
0.07134820596547797,0.9772329246935202,0.9771989816725917,0.9771398396956176,0.9774380218916529,nan,nan,nan,nan,0.9658536585365853,0.9717514124293786,0.9947089947089947,nan,nan,nan,10,19
0.04059856935378371,0.9842931937172775,0.9842897681494484,0.9842627608470215,0.9843440510107176,nan,nan,nan,nan,nan,nan,nan,0.9794871794871794,1.0,0.9735449735449735,29,19
0.049727215894228335,0.9792027729636048,0.9786663834466424,0.9787234460243118,0.978681406352855,0.9834710743801653,0.9943502824858758,0.9763779527559056,0.9605263157894737,nan,nan,nan,nan,nan,nan,7,19
0.06758962097381682,0.9741379310344828,0.9740515140849918,0.9745296767355591,0.9742469274843376,0.9712230215827338,0.987012987012987,0.9928057553956835,0.9459459459459459,nan,nan,nan,nan,nan,nan,5,19
0.058332967261473335,0.9790209790209791,0.9791242905131473,0.9789277968048918,0.9794240686912284,nan,nan,nan,nan,0.9887005649717514,0.9702970297029703,0.9792746113989638,nan,nan,nan,15,19
0.3939495985913608,0.8941798941798942,0.8964554850245197,0.909478557052941,0.9010797640849572,nan,nan,nan,nan,nan,nan,nan,0.7524271844660194,0.9825581395348837,0.9682539682539683,22,19
0.12742002494633198,0.9584055459272097,0.9592721430051677,0.959888934372167,0.9619444659061511,0.9859154929577465,0.9927536231884058,0.8841463414634146,0.9849624060150376,nan,nan,nan,nan,nan,nan,6,19
0.0579608098228669,0.9772727272727273,0.9773550710094338,0.9763781624035707,0.978733629700829,nan,nan,nan,nan,nan,nan,nan,0.975609756097561,1.0,0.9605911330049262,24,19
0.05427534011606541,0.9876106194690265,0.9875962492673102,0.9876372376781744,0.9876668166141851,nan,nan,nan,nan,0.9944444444444445,0.9736842105263158,0.9948717948717949,nan,nan,nan,11,19
0.02549552147522465,0.9894179894179894,0.9893952948869696,0.989386537982713,0.9894130486166942,nan,nan,nan,nan,0.9894179894179894,0.9896907216494846,0.9891304347826086,nan,nan,nan,17,19
0.08841592740726709,0.9669565217391304,0.9657251310719588,0.9678944868166299,0.9647211084260401,0.9866666666666667,0.9939393939393939,0.968503937007874,0.9097744360902256,nan,nan,nan,nan,nan,nan,8,19
0.04394456859315849,0.9786096256684492,0.9779091243233687,0.9779171596404924,0.9779091961575768,nan,nan,nan,nan,0.9800995024875622,0.9685534591194969,0.9850746268656716,nan,nan,nan,18,19
0.08953348957737417,0.9792027729636048,0.9792262378749665,0.9794727908221286,0.9792881522333576,1.0,0.9931506849315068,0.961038961038961,0.9629629629629629,nan,nan,nan,nan,nan,nan,1,19
0.026753720698050328,0.9912434325744308,0.9913528849038159,0.9916130788336566,0.9911304288737454,nan,nan,nan,nan,0.995,0.9887005649717514,0.9896907216494846,nan,nan,nan,16,19
0.06290269374019569,0.9788359788359788,0.978894011251387,0.9787821810561103,0.9792988578680203,nan,nan,nan,nan,nan,nan,nan,0.9847715736040609,1.0,0.953125,21,19
0.1057048817165196,0.9646643109540636,0.9642629367873233,0.9649215570459093,0.9647747747747748,nan,nan,nan,nan,nan,nan,nan,0.97,1.0,0.9243243243243243,23,19
0.06875318370293826,0.980701754385965,0.980886670237583,0.9815981276145188,0.9804169589275972,nan,nan,nan,nan,nan,nan,nan,0.9725274725274725,0.9787234042553191,0.99,20,19
0.08295576468339681,0.9701754385964912,0.9702126874343611,0.9694471743365872,0.9712450867784416,nan,nan,nan,nan,nan,nan,nan,0.9579439252336449,0.9942528735632183,0.9615384615384616,27,20
0.08971777696493327,0.9707401032702238,0.970470936641367,0.9701072534276869,0.9711356974982079,0.9914529914529915,0.9826589595375722,0.9659863945578231,0.9444444444444444,nan,nan,nan,nan,nan,nan,2,20
0.08613120709349842,0.9774696707105719,0.977544808863943,0.9778149554639621,0.977527588853076,0.9929577464788732,0.9931506849315068,0.961038961038961,0.9629629629629629,nan,nan,nan,nan,nan,nan,1,20
0.08935007604304701,0.9754816112084063,0.9754532118124687,0.975857077803799,0.9757287945252603,nan,nan,nan,nan,nan,nan,nan,0.9946524064171123,0.9895287958115183,0.9430051813471503,26,20
0.03707714307691074,0.9842931937172775,0.9842897681494484,0.9842627608470215,0.9843440510107176,nan,nan,nan,nan,nan,nan,nan,0.9794871794871794,1.0,0.9735449735449735,29,20
0.053184961764297135,0.9911504424778761,0.9911450352798035,0.9911423485580902,0.9911755885440096,nan,nan,nan,nan,0.9944444444444445,0.9842105263157894,0.9948717948717949,nan,nan,nan,11,20
0.0686656763815942,0.978984238178634,0.9790212605962864,0.9788563403526264,0.9793212610630276,nan,nan,nan,nan,0.9658536585365853,0.9774011299435028,0.9947089947089947,nan,nan,nan,10,20
0.05704384522202114,0.9772727272727273,0.9773550710094338,0.9763781624035707,0.978733629700829,nan,nan,nan,nan,nan,nan,nan,0.975609756097561,1.0,0.9605911330049262,24,20
0.07271969741774037,0.9724137931034482,0.972287609409168,0.9729651927885248,0.9724483663332585,0.9640287769784173,0.987012987012987,0.9928057553956835,0.9459459459459459,nan,nan,nan,nan,nan,nan,5,20
0.05809664870806349,0.9859649122807017,0.9855187101838435,0.9852851988331031,0.9857775727357145,nan,nan,nan,nan,0.9857142857142858,0.9819277108433735,0.9896907216494846,nan,nan,nan,14,20
0.09173154187414588,0.9774305555555556,0.9765229676365805,0.9771210440883988,0.9766028693459713,0.9705882352941176,0.9882352941176471,0.9548872180451128,0.9927007299270073,nan,nan,nan,nan,nan,nan,3,20
0.024569099839330494,0.9911816578483245,0.9911824531016831,0.9912157885642339,0.9911767170470293,nan,nan,nan,nan,0.9947089947089947,0.9896907216494846,0.9891304347826086,nan,nan,nan,17,20
0.15453838375642112,0.9462738301559792,0.9475789639906204,0.9501099301390714,0.951273734198834,0.9859154929577465,0.9927536231884058,0.8414634146341463,0.9849624060150376,nan,nan,nan,nan,nan,nan,6,20
0.1029624305665493,0.9646643109540636,0.9642629367873233,0.9649215570459093,0.9647747747747748,nan,nan,nan,nan,nan,nan,nan,0.97,1.0,0.9243243243243243,23,20
0.1105625317929815,0.9655172413793104,0.9652237531178188,0.9677069355367012,0.9639402781862584,1.0,0.9929078014184397,0.9236641221374046,0.9391891891891891,nan,nan,nan,nan,nan,nan,9,20
0.061430887503471844,0.9824561403508771,0.9822483294311061,0.9822361546499478,0.9823358890780405,nan,nan,nan,nan,0.9948717948717949,0.9770114942528736,0.9751243781094527,nan,nan,nan,19,20
0.05467789904731843,0.9807692307692307,0.9808652460952502,0.980840666520374,0.9808983998457683,nan,nan,nan,nan,nan,nan,nan,0.989010989010989,0.98,0.9736842105263158,25,20
0.08440944317650671,0.9721739130434782,0.9711677480020992,0.9725816761942726,0.9703602061704009,0.9866666666666667,0.9939393939393939,0.968503937007874,0.9323308270676691,nan,nan,nan,nan,nan,nan,8,20
0.0628135764402234,0.9842105263157894,0.9843288291685336,0.9845959722335628,0.9841278933832126,nan,nan,nan,nan,nan,nan,nan,0.978021978021978,0.9893617021276596,0.985,20,20
0.054192064640422664,0.9787985865724381,0.9789048308900657,0.9794663407617826,0.9784655287682668,nan,nan,nan,nan,nan,nan,nan,0.9850746268656716,0.9712643678160919,0.9790575916230366,28,20
0.35120074285401237,0.9047619047619048,0.906750353471665,0.9166391336270191,0.9114282249865903,nan,nan,nan,nan,nan,nan,nan,0.7718446601941747,0.9941860465116279,0.9682539682539683,22,20
0.05424957386114531,0.9805996472663139,0.9806324704632495,0.9804687961612709,0.9810349689791314,nan,nan,nan,nan,nan,nan,nan,0.9847715736040609,1.0,0.9583333333333334,21,20
0.02605314037484479,0.9912434325744308,0.9913528849038159,0.9916130788336566,0.9911304288737454,nan,nan,nan,nan,0.995,0.9887005649717514,0.9896907216494846,nan,nan,nan,16,20
0.05749616929743853,0.9790209790209791,0.9790096873364017,0.9787550784048817,0.9793471179909771,nan,nan,nan,nan,0.9887005649717514,0.9752475247524752,0.9740932642487047,nan,nan,nan,15,20
0.05589543120004237,0.9804964539007093,0.979573679874516,0.9811417428316526,0.9786712362206682,nan,nan,nan,nan,0.9951690821256038,0.9461077844311377,0.9947368421052631,nan,nan,nan,13,20
0.042516060167043984,0.9768270944741533,0.9762504929738256,0.9762825134543845,0.9762508213648737,nan,nan,nan,nan,0.9751243781094527,0.9685534591194969,0.9850746268656716,nan,nan,nan,18,20
0.11786831794061552,0.9706390328151986,0.9684237284649276,0.9710530868546061,0.9671130246788141,0.9932432432432432,0.9883040935672515,0.9083333333333333,0.9785714285714285,nan,nan,nan,nan,nan,nan,4,20
0.04335414933494145,0.9809358752166378,0.9802152626545362,0.9801379584413249,0.9803261431949604,0.9834710743801653,0.9943502824858758,0.9763779527559056,0.9671052631578947,nan,nan,nan,nan,nan,nan,7,20
0.04014693567134802,0.9822695035460993,0.9820387257805496,0.9821422158728952,0.981962067466331,nan,nan,nan,nan,0.9948717948717949,0.9720670391061452,0.9789473684210527,nan,nan,nan,12,20
0.043068659107455845,0.9844559585492227,0.9836566793643791,0.9839766061233453,0.9834494870900522,0.9807692307692307,1.0,0.9858156028368794,0.9672131147540983,nan,nan,nan,nan,nan,nan,0,20
0.06155581482208187,0.9775862068965517,0.9775493281589408,0.9777708312107711,0.9777346778246059,0.9784172661870504,0.987012987012987,0.9928057553956835,0.9527027027027027,nan,nan,nan,nan,nan,nan,5,21
0.0514891800056729,0.9841269841269841,0.9841613197312741,0.9840584252348958,0.9844631274675691,nan,nan,nan,nan,nan,nan,nan,0.9898477157360406,1.0,0.9635416666666666,21,21
0.05412188860484295,0.980565371024735,0.9805918314668762,0.9811887254901962,0.9801239035609699,nan,nan,nan,nan,nan,nan,nan,0.9900497512437811,0.9712643678160919,0.9790575916230366,28,21
0.05952643573335889,0.9790209790209791,0.9790096873364017,0.9787550784048817,0.9793471179909771,nan,nan,nan,nan,0.9887005649717514,0.9752475247524752,0.9740932642487047,nan,nan,nan,15,21
0.022637783282940898,0.9912434325744308,0.9913528849038159,0.9916130788336566,0.9911304288737454,nan,nan,nan,nan,0.995,0.9887005649717514,0.9896907216494846,nan,nan,nan,16,21
0.050359018979897405,0.9792027729636048,0.9784054628673337,0.9781974132053687,0.978681406352855,0.9834710743801653,0.9943502824858758,0.9763779527559056,0.9605263157894737,nan,nan,nan,nan,nan,nan,7,21
0.07904095380064591,0.9707401032702238,0.970470936641367,0.9701072534276869,0.9711356974982079,0.9914529914529915,0.9826589595375722,0.9659863945578231,0.9444444444444444,nan,nan,nan,nan,nan,nan,2,21
0.04118266936792578,0.9768270944741533,0.9762504929738256,0.9762825134543845,0.9762508213648737,nan,nan,nan,nan,0.9751243781094527,0.9685534591194969,0.9850746268656716,nan,nan,nan,18,21
0.07194545301010496,0.9756521739130435,0.9746354896336729,0.9754843207166485,0.9741196046666415,0.9866666666666667,0.9939393939393939,0.968503937007874,0.9473684210526315,nan,nan,nan,nan,nan,nan,8,21
0.04071258884667057,0.9822695035460993,0.982121115239063,0.9822521413057069,0.9820698788943423,nan,nan,nan,nan,0.9948717948717949,0.9776536312849162,0.9736842105263158,nan,nan,nan,12,21
0.03512719872459355,0.987783595113438,0.9877719108036502,0.9877540235508308,0.9878171211504544,nan,nan,nan,nan,nan,nan,nan,0.9846153846153847,1.0,0.9788359788359788,29,21
0.045810631503771126,0.9861830742659758,0.9852163286761588,0.9853548986491527,0.9850921152951803,0.9935897435897436,0.99375,0.9858156028368794,0.9672131147540983,nan,nan,nan,nan,nan,nan,0,21
0.07420192268909886,0.9791666666666666,0.9783000077919983,0.9788175446844178,0.9781283393111375,0.9705882352941176,0.9941176470588236,0.9624060150375939,0.9854014598540146,nan,nan,nan,nan,nan,nan,3,21
0.10235398068713646,0.9646643109540636,0.9643592726359023,0.9647183924115977,0.96490990990991,nan,nan,nan,nan,nan,nan,nan,0.965,1.0,0.9297297297297298,23,21
0.08741291405426131,0.9772329246935202,0.9772090785246627,0.9775153288740245,0.9774559102420133,nan,nan,nan,nan,nan,nan,nan,0.9946524064171123,0.9895287958115183,0.9481865284974094,26,21
0.022134348714543093,0.9911816578483245,0.9911824531016831,0.9912157885642339,0.9911767170470293,nan,nan,nan,nan,0.9947089947089947,0.9896907216494846,0.9891304347826086,nan,nan,nan,17,21
0.06155019386399848,0.9859649122807017,0.9860471865226826,0.9863815226923225,0.9857945600498792,nan,nan,nan,nan,nan,nan,nan,0.978021978021978,0.9893617021276596,0.99,20,21
0.2886115815490484,0.9188712522045855,0.9205659536541889,0.9265546858012611,0.9243732088053606,nan,nan,nan,nan,nan,nan,nan,0.8106796116504854,0.9941860465116279,0.9682539682539683,22,21
0.06288683167400046,0.9790209790209791,0.9791145511677342,0.9791869595256909,0.9791546173125121,nan,nan,nan,nan,nan,nan,nan,0.9835164835164835,0.975,0.9789473684210527,25,21
0.05237326881615445,0.9911504424778761,0.9911450352798035,0.9911423485580902,0.9911755885440096,nan,nan,nan,nan,0.9944444444444445,0.9842105263157894,0.9948717948717949,nan,nan,nan,11,21
0.08931990102926073,0.9775474956822107,0.9763188928013551,0.977130134499643,0.9757439770597665,0.9932432432432432,0.9883040935672515,0.95,0.9714285714285714,nan,nan,nan,nan,nan,nan,4,21
0.05394720862386748,0.9825174825174825,0.9824852076075133,0.9816017949468344,0.9836597380752132,nan,nan,nan,nan,nan,nan,nan,0.975609756097561,1.0,0.9753694581280788,24,21
0.05666259290107215,0.9859649122807017,0.9854982873235422,0.9855686403275236,0.9854877536656198,nan,nan,nan,nan,0.9857142857142858,0.9759036144578314,0.9948453608247423,nan,nan,nan,14,21
0.05897965733634515,0.9824561403508771,0.9822483294311061,0.9822361546499478,0.9823358890780405,nan,nan,nan,nan,0.9948717948717949,0.9770114942528736,0.9751243781094527,nan,nan,nan,19,21
0.07827042102335806,0.9774696707105719,0.977544808863943,0.9778149554639621,0.977527588853076,0.9929577464788732,0.9931506849315068,0.961038961038961,0.9629629629629629,nan,nan,nan,nan,nan,nan,1,21
0.06967625805150925,0.978984238178634,0.9790212605962864,0.9788563403526264,0.9793212610630276,nan,nan,nan,nan,0.9658536585365853,0.9774011299435028,0.9947089947089947,nan,nan,nan,10,21
0.127335155511422,0.9566724436741768,0.9576019950468109,0.9584387464793847,0.9604200756622486,0.9859154929577465,0.9927536231884058,0.8780487804878049,0.9849624060150376,nan,nan,nan,nan,nan,nan,6,21
0.08062994558794243,0.9719298245614035,0.9720890534589935,0.9713362581889694,0.9730765886099434,nan,nan,nan,nan,nan,nan,nan,0.9579439252336449,0.9942528735632183,0.967032967032967,27,21
0.17931598394046122,0.9551724137931035,0.9548792877209624,0.9597985402410103,0.9526252438080438,1.0,0.9858156028368794,0.8854961832061069,0.9391891891891891,nan,nan,nan,nan,nan,nan,9,21
0.05239924705690808,0.9858156028368794,0.9852368893997016,0.9860756706167334,0.984659260172764,nan,nan,nan,nan,0.9951690821256038,0.9640718562874252,0.9947368421052631,nan,nan,nan,13,21
0.040592110743293434,0.9822695035460993,0.982121115239063,0.9822521413057069,0.9820698788943423,nan,nan,nan,nan,0.9948717948717949,0.9776536312849162,0.9736842105263158,nan,nan,nan,12,22
0.034758625927174255,0.987783595113438,0.9877797540413337,0.9878241248652571,0.987762854429521,nan,nan,nan,nan,nan,nan,nan,0.9897435897435898,0.9947089947089947,0.9788359788359788,29,22
0.07713906349252081,0.978984238178634,0.9789644994570237,0.9791904662394354,0.9791830259587663,nan,nan,nan,nan,nan,nan,nan,0.9946524064171123,0.9895287958115183,0.9533678756476683,26,22
0.09823383331402308,0.9681978798586572,0.9679699034537744,0.9681349652382524,0.9685135135135136,nan,nan,nan,nan,nan,nan,nan,0.965,1.0,0.9405405405405406,23,22
0.05795736931354946,0.9842105263157894,0.9840348143422477,0.9841355626930902,0.9839942638707435,nan,nan,nan,nan,0.9948717948717949,0.9770114942528736,0.9800995024875622,nan,nan,nan,19,22
0.07499607554851345,0.9672977624784854,0.9670285963955976,0.9664674320432399,0.9677343369539901,0.9914529914529915,0.9826589595375722,0.9523809523809523,0.9444444444444444,nan,nan,nan,nan,nan,nan,2,22
0.09422050551189673,0.9792746113989638,0.9779548054324994,0.9790390224643053,0.9772059653638601,0.9932432432432432,0.9941520467836257,0.95,0.9714285714285714,nan,nan,nan,nan,nan,nan,4,22
0.04176364652525272,0.9827288428324698,0.9819845222568123,0.982301723787966,0.9818469229874881,0.9743589743589743,1.0,0.9858156028368794,0.9672131147540983,nan,nan,nan,nan,nan,nan,0,22
0.05745771339732326,0.9772727272727273,0.9773227947509753,0.9770644590232219,0.9776969529744753,nan,nan,nan,nan,0.9887005649717514,0.9702970297029703,0.9740932642487047,nan,nan,nan,15,22
0.05542236472117818,0.9859649122807017,0.9854982873235422,0.9855686403275236,0.9854877536656198,nan,nan,nan,nan,0.9857142857142858,0.9759036144578314,0.9948453608247423,nan,nan,nan,14,22
0.32047058129683137,0.9310344827586207,0.9312079389628857,0.9431749806842472,0.9280482772849186,1.0,1.0,0.8473282442748091,0.8648648648648649,nan,nan,nan,nan,nan,nan,9,22
0.04449708356858335,0.9842657342657343,0.9842858711486975,0.9842609090945013,0.9843194524773472,nan,nan,nan,nan,nan,nan,nan,0.989010989010989,0.985,0.9789473684210527,25,22
0.023250999947777018,0.9912434325744308,0.9913528849038159,0.9916130788336566,0.9911304288737454,nan,nan,nan,nan,0.995,0.9887005649717514,0.9896907216494846,nan,nan,nan,16,22
0.07536966647603549,0.9791666666666666,0.9783000077919983,0.9788175446844178,0.9781283393111375,0.9705882352941176,0.9941176470588236,0.9624060150375939,0.9854014598540146,nan,nan,nan,nan,nan,nan,3,22
0.08662640952618524,0.9792027729636048,0.9791425467485955,0.9792220133667503,0.9792881522333576,1.0,0.9931506849315068,0.961038961038961,0.9629629629629629,nan,nan,nan,nan,nan,nan,1,22
0.07788192103907932,0.9754385964912281,0.9754675356090451,0.9748857883689345,0.9761918534074513,nan,nan,nan,nan,nan,nan,nan,0.9672897196261683,0.9942528735632183,0.967032967032967,27,22
0.05260345717478129,0.980565371024735,0.9805918314668762,0.9811887254901962,0.9801239035609699,nan,nan,nan,nan,nan,nan,nan,0.9900497512437811,0.9712643678160919,0.9790575916230366,28,22
0.06789370105899353,0.978984238178634,0.9790212605962864,0.9788563403526264,0.9793212610630276,nan,nan,nan,nan,0.9658536585365853,0.9774011299435028,0.9947089947089947,nan,nan,nan,10,22
0.058405111886612654,0.9842657342657343,0.9843114942124843,0.9836021193487258,0.9853177940646402,nan,nan,nan,nan,nan,nan,nan,0.9707317073170731,1.0,0.9852216748768473,24,22
0.0609974339114208,0.9793103448275862,0.9792840756483854,0.9794477324861609,0.9794238670137951,0.9784172661870504,0.987012987012987,0.9928057553956835,0.9594594594594594,nan,nan,nan,nan,nan,nan,5,22
0.04675147144977624,0.9858906525573192,0.9859775315373162,0.9858785337802618,0.9861992385786801,nan,nan,nan,nan,nan,nan,nan,0.9898477157360406,1.0,0.96875,21,22
0.04051782606014361,0.9768270944741533,0.9762504929738256,0.9762825134543845,0.9762508213648737,nan,nan,nan,nan,0.9751243781094527,0.9685534591194969,0.9850746268656716,nan,nan,nan,18,22
0.02147841666495272,0.9911816578483245,0.9911824531016831,0.9912157885642339,0.9911767170470293,nan,nan,nan,nan,0.9947089947089947,0.9896907216494846,0.9891304347826086,nan,nan,nan,17,22
0.06824131745573443,0.9756521739130435,0.9746354896336729,0.9754843207166485,0.9741196046666415,0.9866666666666667,0.9939393939393939,0.968503937007874,0.9473684210526315,nan,nan,nan,nan,nan,nan,8,22
0.051013377223474286,0.9840425531914894,0.9833511498740428,0.984414538762365,0.9826632521887321,nan,nan,nan,nan,0.9951690821256038,0.9580838323353293,0.9947368421052631,nan,nan,nan,13,22
0.3126515635392732,0.9153439153439153,0.9171235367045752,0.9240100674189972,0.9211369628506679,nan,nan,nan,nan,nan,nan,nan,0.8009708737864077,0.9941860465116279,0.9682539682539683,22,22
0.05279505219207042,0.9893805309734514,0.9894076898634573,0.9894580854214223,0.9894212025790973,nan,nan,nan,nan,0.9944444444444445,0.9789473684210527,0.9948717948717949,nan,nan,nan,11,22
0.11729274313333199,0.9636048526863085,0.9642842443453429,0.9643533281482922,0.9665176366378584,0.9859154929577465,0.9927536231884058,0.9024390243902439,0.9849624060150376,nan,nan,nan,nan,nan,nan,6,22
0.043431347239866705,0.9809358752166378,0.9802152626545362,0.9801379584413249,0.9803261431949604,0.9834710743801653,0.9943502824858758,0.9763779527559056,0.9671052631578947,nan,nan,nan,nan,nan,nan,7,22
0.05835278604515932,0.9859649122807017,0.9860471865226826,0.9863815226923225,0.9857945600498792,nan,nan,nan,nan,nan,nan,nan,0.978021978021978,0.9893617021276596,0.99,20,22
0.07560155696027275,0.9707401032702238,0.970470936641367,0.9701072534276869,0.9711356974982079,0.9914529914529915,0.9826589595375722,0.9659863945578231,0.9444444444444444,nan,nan,nan,nan,nan,nan,2,23
0.05292949982073256,0.9793103448275862,0.9792840756483854,0.9794477324861609,0.9794238670137951,0.9784172661870504,0.987012987012987,0.9928057553956835,0.9594594594594594,nan,nan,nan,nan,nan,nan,5,23
0.07185259254159367,0.9789473684210527,0.9788908709096503,0.9785419590516703,0.9793071182049591,nan,nan,nan,nan,nan,nan,nan,0.9766355140186916,0.9942528735632183,0.967032967032967,27,23
0.03543992216388384,0.987783595113438,0.9877608172178101,0.987823328396832,0.987762854429521,nan,nan,nan,nan,nan,nan,nan,0.9897435897435898,1.0,0.9735449735449735,29,23
0.10419067867501565,0.9723661485319517,0.9706212156693685,0.9725563433177264,0.9694939770597666,0.9932432432432432,0.9883040935672515,0.925,0.9714285714285714,nan,nan,nan,nan,nan,nan,4,23
0.048018802772276103,0.9875886524822695,0.9870716853767701,0.9876985999685387,0.9866552681567958,nan,nan,nan,nan,0.9951690821256038,0.9700598802395209,0.9947368421052631,nan,nan,nan,13,23
0.22839928273525503,0.9347442680776014,0.9357553519727609,0.9378226820028287,0.9391106316672659,nan,nan,nan,nan,nan,nan,nan,0.8543689320388349,1.0,0.9629629629629629,22,23
0.08516538256816075,0.9774696707105719,0.977544808863943,0.9778149554639621,0.977527588853076,0.9929577464788732,0.9931506849315068,0.961038961038961,0.9629629629629629,nan,nan,nan,nan,nan,nan,1,23
0.0662883130975792,0.9807355516637478,0.9807833810918812,0.9807321081849117,0.9809472773231902,nan,nan,nan,nan,0.9707317073170731,0.9774011299435028,0.9947089947089947,nan,nan,nan,10,23
0.05665799260411101,0.9842105263157894,0.9840348143422477,0.9841355626930902,0.9839942638707435,nan,nan,nan,nan,0.9948717948717949,0.9770114942528736,0.9800995024875622,nan,nan,nan,19,23
0.04551760080115249,0.9842657342657343,0.9843871552628963,0.9844286817063276,0.9844071717755929,nan,nan,nan,nan,nan,nan,nan,0.989010989010989,0.98,0.9842105263157894,25,23
0.07343469464750443,0.9791666666666666,0.9783000077919983,0.9788175446844178,0.9781283393111375,0.9705882352941176,0.9941176470588236,0.9624060150375939,0.9854014598540146,nan,nan,nan,nan,nan,nan,3,23
0.09551152087644571,0.9717314487632509,0.9714097968936679,0.9720718025430067,0.9717117117117118,nan,nan,nan,nan,nan,nan,nan,0.98,1.0,0.9351351351351351,23,23
0.054704711268035076,0.987719298245614,0.9873673075321775,0.9872712986955672,0.9874957857941338,nan,nan,nan,nan,0.9857142857142858,0.9819277108433735,0.9948453608247423,nan,nan,nan,14,23
0.046586363851222105,0.982363315696649,0.9825012832363411,0.9827625538196384,0.9826829526226734,nan,nan,nan,nan,nan,nan,nan,0.9949238578680203,1.0,0.953125,21,23
0.03909350211648012,0.9858156028368794,0.9856651543642964,0.9857785434792602,0.9855786508241668,nan,nan,nan,nan,0.9948717948717949,0.9776536312849162,0.9842105263157894,nan,nan,nan,12,23
0.03881413989519286,0.9786096256684492,0.9781390356028843,0.9779575476391861,0.978347257423574,nan,nan,nan,nan,0.9751243781094527,0.9748427672955975,0.9850746268656716,nan,nan,nan,18,23
0.02032174506974924,0.9911816578483245,0.9911824531016831,0.9912157885642339,0.9911767170470293,nan,nan,nan,nan,0.9947089947089947,0.9896907216494846,0.9891304347826086,nan,nan,nan,17,23
0.06024864393596848,0.9823321554770318,0.9822911070176784,0.9828354926033304,0.9818691042590503,nan,nan,nan,nan,nan,nan,nan,0.9900497512437811,0.9712643678160919,0.9842931937172775,28,23
0.07291949334386219,0.9842381786339754,0.9842465657061436,0.9843009436279487,0.9843643731090254,nan,nan,nan,nan,nan,nan,nan,0.9946524064171123,0.9895287958115183,0.9689119170984456,26,23
0.176437973963881,0.9517241379310345,0.9513396066785921,0.9549690252276459,0.9512197352460467,1.0,0.9858156028368794,0.9541984732824428,0.8648648648648649,nan,nan,nan,nan,nan,nan,9,23
0.04462379492791737,0.9844020797227037,0.9840968743681578,0.9846034762219494,0.9836156168791709,0.9834710743801653,0.9943502824858758,0.9763779527559056,0.9802631578947368,nan,nan,nan,nan,nan,nan,7,23
0.05656882548484848,0.9824561403508771,0.9827047389594493,0.9833910169865043,0.982248460759099,nan,nan,nan,nan,nan,nan,nan,0.978021978021978,0.9787234042553191,0.99,20,23
0.055618892391470984,0.9772727272727273,0.9774373471589491,0.9772623537688904,0.9777739036747267,nan,nan,nan,nan,0.9887005649717514,0.9653465346534653,0.9792746113989638,nan,nan,nan,15,23
0.059081285713343985,0.9825174825174825,0.9824890612991829,0.9816993464052288,0.9836917778044776,nan,nan,nan,nan,nan,nan,nan,0.9658536585365853,1.0,0.9852216748768473,24,23
0.05266741438794674,0.9893805309734514,0.9894076898634573,0.9894580854214223,0.9894212025790973,nan,nan,nan,nan,0.9944444444444445,0.9789473684210527,0.9948717948717949,nan,nan,nan,11,23
0.06278444177102453,0.9773913043478261,0.976442307070001,0.9771332537375416,0.9759993039147619,0.9866666666666667,0.9939393939393939,0.968503937007874,0.9548872180451128,nan,nan,nan,nan,nan,nan,8,23
0.03775088943017947,0.9844559585492227,0.983542588205919,0.9836332426737485,0.9834895511926162,0.9871794871794872,0.99375,0.9858156028368794,0.9672131147540983,nan,nan,nan,nan,nan,nan,0,23
0.021104104200882528,0.9912434325744308,0.9913528849038159,0.9916130788336566,0.9911304288737454,nan,nan,nan,nan,0.995,0.9887005649717514,0.9896907216494846,nan,nan,nan,16,23
0.1023908261819375,0.975736568457539,0.9760034858245377,0.9754876678681449,0.9771883683451755,0.9859154929577465,0.9927536231884058,0.9451219512195121,0.9849624060150376,nan,nan,nan,nan,nan,nan,6,23
0.05369135306682438,0.9790209790209791,0.979134846420714,0.9790061985149107,0.9795010193914798,nan,nan,nan,nan,0.9887005649717514,0.9653465346534653,0.9844559585492227,nan,nan,nan,15,24
0.046247510857129887,0.9875886524822695,0.9870716853767701,0.9876985999685387,0.9866552681567958,nan,nan,nan,nan,0.9951690821256038,0.9700598802395209,0.9947368421052631,nan,nan,nan,13,24
0.07390171340299084,0.9724612736660929,0.9721921417888248,0.9719619262573136,0.9728363777703166,0.9914529914529915,0.9826589595375722,0.9727891156462585,0.9444444444444444,nan,nan,nan,nan,nan,nan,2,24
0.04230965733739523,0.9809358752166378,0.9802152626545362,0.9801379584413249,0.9803261431949604,0.9834710743801653,0.9943502824858758,0.9763779527559056,0.9671052631578947,nan,nan,nan,nan,nan,nan,7,24
0.0403723158265671,0.9858156028368794,0.9856651543642964,0.9857785434792602,0.9855786508241668,nan,nan,nan,nan,0.9948717948717949,0.9776536312849162,0.9842105263157894,nan,nan,nan,12,24
0.05456151457878554,0.9859649122807017,0.9852699824792678,0.9855393531833455,0.9850670231244073,nan,nan,nan,nan,0.9904761904761905,0.9698795180722891,0.9948453608247423,nan,nan,nan,14,24
0.04063186697636698,0.9810017271157168,0.9801975394730923,0.9802603383782504,0.980284422987488,0.9743589743589743,0.99375,0.9858156028368794,0.9672131147540983,nan,nan,nan,nan,nan,nan,0,24
0.06869870103239212,0.980701754385965,0.980603956682388,0.9801499764950644,0.9811386200364609,nan,nan,nan,nan,nan,nan,nan,0.9766355140186916,0.9942528735632183,0.9725274725274725,27,24
0.09556514733574456,0.9717314487632509,0.9715036052551894,0.9718606412974776,0.971846846846847,nan,nan,nan,nan,nan,nan,nan,0.975,1.0,0.9405405405405406,23,24
0.0527425201338095,0.9825174825174825,0.9824933364992203,0.9816671496184681,0.9836757579398454,nan,nan,nan,nan,nan,nan,nan,0.9707317073170731,1.0,0.9802955665024631,24,24
0.06093964947083603,0.9791304347826087,0.9783641926614536,0.9790106762181616,0.9778790031628821,0.9866666666666667,0.9939393939393939,0.968503937007874,0.9624060150375939,nan,nan,nan,nan,nan,nan,8,24
0.05079307531317075,0.9893805309734514,0.9894076898634573,0.9894580854214223,0.9894212025790973,nan,nan,nan,nan,0.9944444444444445,0.9789473684210527,0.9948717948717949,nan,nan,nan,11,24
0.09488939228360418,0.9792746113989638,0.9779989827333552,0.979156917160944,0.9772059653638601,0.9932432432432432,0.9941520467836257,0.95,0.9714285714285714,nan,nan,nan,nan,nan,nan,4,24
0.05352826197243606,0.9824561403508771,0.9827047389594493,0.9833910169865043,0.982248460759099,nan,nan,nan,nan,nan,nan,nan,0.978021978021978,0.9787234042553191,0.99,20,24
0.1423124803049076,0.9559082892416225,0.9563682306870464,0.9561117894451229,0.9585281073954213,nan,nan,nan,nan,nan,nan,nan,0.912621359223301,1.0,0.9629629629629629,22,24
0.08975707597442363,0.9792027729636048,0.9791425467485955,0.9792220133667503,0.9792881522333576,1.0,0.9931506849315068,0.961038961038961,0.9629629629629629,nan,nan,nan,nan,nan,nan,1,24
0.05159911396760052,0.9810344827586207,0.9810239746459317,0.9811246337615507,0.9812224281648743,0.9856115107913669,0.987012987012987,0.9928057553956835,0.9594594594594594,nan,nan,nan,nan,nan,nan,5,24
0.06556116412038035,0.9807355516637478,0.9807833810918812,0.9807321081849117,0.9809472773231902,nan,nan,nan,nan,0.9707317073170731,0.9774011299435028,0.9947089947089947,nan,nan,nan,10,24
0.05592909985474156,0.9859649122807017,0.9858224950989883,0.9860566909404117,0.9856526386634467,nan,nan,nan,nan,0.9948717948717949,0.9770114942528736,0.9850746268656716,nan,nan,nan,19,24
0.06735195112560177,0.9791666666666666,0.9783000077919983,0.9788175446844178,0.9781283393111375,0.9705882352941176,0.9941176470588236,0.9624060150375939,0.9854014598540146,nan,nan,nan,nan,nan,nan,3,24
0.2642738986136177,0.9448275862068966,0.9446349251221552,0.9541313599018203,0.9413425830410562,1.0,1.0,0.8396946564885496,0.9256756756756757,nan,nan,nan,nan,nan,nan,9,24
0.06872635390350802,0.980565371024735,0.9807621645793829,0.9815068609038459,0.9803843812771014,nan,nan,nan,nan,nan,nan,nan,0.9751243781094527,0.9712643678160919,0.9947643979057592,28,24
0.07060874359902097,0.9824868651488616,0.9824917149381753,0.9825095265509773,0.9825818419147295,nan,nan,nan,nan,nan,nan,nan,0.9893048128342246,0.9895287958115183,0.9689119170984456,26,24
0.050155215269316815,0.986013986013986,0.9861025818061541,0.986157053646007,0.9861615577405051,nan,nan,nan,nan,nan,nan,nan,0.989010989010989,0.98,0.9894736842105263,25,24
0.02128925440289701,0.9912434325744308,0.9913528849038159,0.9916130788336566,0.9911304288737454,nan,nan,nan,nan,0.995,0.9887005649717514,0.9896907216494846,nan,nan,nan,16,24
0.047377685783430934,0.982363315696649,0.9824700923160807,0.9827416525436328,0.9825464045577545,nan,nan,nan,nan,nan,nan,nan,0.9949238578680203,0.9943820224719101,0.9583333333333334,21,24
0.10161676372425925,0.9774696707105719,0.9775286963456573,0.9769924203412128,0.97835744958486,0.9859154929577465,0.9927536231884058,0.9573170731707317,0.9774436090225563,nan,nan,nan,nan,nan,nan,6,24
0.036875915710374504,0.9768270944741533,0.9762504929738256,0.9762825134543845,0.9762508213648737,nan,nan,nan,nan,0.9751243781094527,0.9685534591194969,0.9850746268656716,nan,nan,nan,18,24
0.018309568647964625,0.9929453262786596,0.9929659040414954,0.9929525181505238,0.9929883112499279,nan,nan,nan,nan,0.9947089947089947,0.9896907216494846,0.9945652173913043,nan,nan,nan,17,24
0.03311770261886219,0.987783595113438,0.9877797540413337,0.9878241248652571,0.987762854429521,nan,nan,nan,nan,nan,nan,nan,0.9897435897435898,0.9947089947089947,0.9788359788359788,29,24
0.05469846973493178,0.9859649122807017,0.9857144922508048,0.9858359839915014,0.9857036655801452,nan,nan,nan,nan,1.0,0.9770114942528736,0.9800995024875622,nan,nan,nan,19,25
0.10908128084783028,0.9717813051146384,0.9718277383293885,0.9711560044893378,0.9730912141915379,nan,nan,nan,nan,nan,nan,nan,0.9563106796116505,1.0,0.9629629629629629,22,25
0.05260883045331058,0.9893805309734514,0.9894076898634573,0.9894580854214223,0.9894212025790973,nan,nan,nan,nan,0.9944444444444445,0.9789473684210527,0.9948717948717949,nan,nan,nan,11,25
0.017559913512539223,0.9912434325744308,0.9913528849038159,0.9916130788336566,0.9911304288737454,nan,nan,nan,nan,0.995,0.9887005649717514,0.9896907216494846,nan,nan,nan,16,25
0.03309834461995504,0.987783595113438,0.9877797540413337,0.9878241248652571,0.987762854429521,nan,nan,nan,nan,nan,nan,nan,0.9897435897435898,0.9947089947089947,0.9788359788359788,29,25
0.0461128131492943,0.9875886524822695,0.9870716853767701,0.9876985999685387,0.9866552681567958,nan,nan,nan,nan,0.9951690821256038,0.9700598802395209,0.9947368421052631,nan,nan,nan,13,25
0.08725766290291703,0.9792027729636048,0.9791425467485955,0.9792220133667503,0.9792881522333576,1.0,0.9931506849315068,0.961038961038961,0.9629629629629629,nan,nan,nan,nan,nan,nan,1,25
0.09535141907528871,0.9699646643109541,0.969670214018351,0.9701660073331914,0.9700450450450452,nan,nan,nan,nan,nan,nan,nan,0.975,1.0,0.9351351351351351,23,25
0.06788233161852178,0.9823321554770318,0.9824553534542794,0.9832326616246215,0.9821295819751815,nan,nan,nan,nan,nan,nan,nan,0.9751243781094527,0.9712643678160919,1.0,28,25
0.017897117094334034,0.9929453262786596,0.9929659040414954,0.9929525181505238,0.9929883112499279,nan,nan,nan,nan,0.9947089947089947,0.9896907216494846,0.9945652173913043,nan,nan,nan,17,25
0.05224735359014529,0.9807692307692307,0.9807121143030856,0.9804661737651429,0.9810742337077301,nan,nan,nan,nan,0.9887005649717514,0.9752475247524752,0.9792746113989638,nan,nan,nan,15,25
0.043384793619464436,0.9862068965517241,0.9856094008910877,0.9855709605709606,0.9856611423019577,1.0,0.9858156028368794,0.9770992366412213,0.9797297297297297,nan,nan,nan,nan,nan,nan,9,25
0.07720182760385796,0.9824868651488616,0.9824831175160122,0.9825830024482906,0.9826372573922724,nan,nan,nan,nan,nan,nan,nan,0.9946524064171123,0.9895287958115183,0.9637305699481865,26,25
0.0540754727488901,0.987719298245614,0.9871452163184024,0.9872424567913289,0.9870750552529214,nan,nan,nan,nan,0.9904761904761905,0.9759036144578314,0.9948453608247423,nan,nan,nan,14,25
0.11484499455668572,0.9826689774696707,0.9827050006028223,0.9825423914447174,0.9829306203165674,0.9859154929577465,0.9927536231884058,0.975609756097561,0.9774436090225563,nan,nan,nan,nan,nan,nan,6,25
0.037150042144478194,0.9803921568627451,0.9797669961856039,0.9799930369354201,0.9795675709502799,nan,nan,nan,nan,0.9800995024875622,0.9685534591194969,0.9900497512437811,nan,nan,nan,18,25
0.047998316042746104,0.982363315696649,0.9822934294174314,0.9826417067936303,0.9826388888888888,nan,nan,nan,nan,nan,nan,nan,1.0,1.0,0.9479166666666666,21,25
0.05563386022792353,0.9791304347826087,0.9783641926614536,0.9790106762181616,0.9778790031628821,0.9866666666666667,0.9939393939393939,0.968503937007874,0.9624060150375939,nan,nan,nan,nan,nan,nan,8,25
0.04514140906088103,0.9827586206896551,0.9827589423829561,0.982812360103859,0.9829116173540634,0.9856115107913669,0.987012987012987,0.9928057553956835,0.9662162162162162,nan,nan,nan,nan,nan,nan,5,25
0.051153021599424794,0.9842657342657343,0.9843114942124843,0.9836021193487258,0.9853177940646402,nan,nan,nan,nan,nan,nan,nan,0.9707317073170731,1.0,0.9852216748768473,24,25
0.03947965979912422,0.986013986013986,0.986150954308849,0.986150954308849,0.986150954308849,nan,nan,nan,nan,nan,nan,nan,0.9945054945054945,0.985,0.9789473684210527,25,25
0.06873523320054017,0.9842105263157894,0.9839819787892125,0.9837815973051113,0.9842538848339686,nan,nan,nan,nan,nan,nan,nan,0.985981308411215,0.9942528735632183,0.9725274725274725,27,25
0.06477308889427352,0.9809027777777778,0.9799545868912978,0.9803852580168371,0.9799531568293857,0.9705882352941176,0.9941176470588236,0.9624060150375939,0.9927007299270073,nan,nan,nan,nan,nan,nan,3,25
0.05094834057187351,0.9894736842105263,0.9895238971531023,0.9897734741107346,0.9893406593406594,nan,nan,nan,nan,nan,nan,nan,0.978021978021978,1.0,0.99,20,25
0.06491321747307666,0.9807355516637478,0.9807833810918812,0.9807321081849117,0.9809472773231902,nan,nan,nan,nan,0.9707317073170731,0.9774011299435028,0.9947089947089947,nan,nan,nan,10,25
0.07699903214157339,0.9741824440619621,0.9739135325234827,0.9738405243520333,0.9745370580424255,0.9914529914529915,0.9826589595375722,0.9795918367346939,0.9444444444444444,nan,nan,nan,nan,nan,nan,2,25
0.04374699111672511,0.9844020797227037,0.9839946292737135,0.9840659149197146,0.9839393839740735,0.9834710743801653,0.9943502824858758,0.984251968503937,0.9736842105263158,nan,nan,nan,nan,nan,nan,7,25
0.042153432852884226,0.9879101899827288,0.9868910325739565,0.9871006969138838,0.9866946793977444,1.0,0.99375,0.9858156028368794,0.9672131147540983,nan,nan,nan,nan,nan,nan,0,25
0.1003131839771461,0.9775474956822107,0.975897940427294,0.9775503279813063,0.9748250129829077,0.9932432432432432,0.9941520467836257,0.9333333333333333,0.9785714285714285,nan,nan,nan,nan,nan,nan,4,25
0.0402490896247198,0.9840425531914894,0.983909890622571,0.983951388072021,0.983932076287266,nan,nan,nan,nan,0.9948717948717949,0.9832402234636871,0.9736842105263158,nan,nan,nan,12,25
0.06394983281319987,0.9807355516637478,0.9807833810918812,0.9807321081849117,0.9809472773231902,nan,nan,nan,nan,0.9707317073170731,0.9774011299435028,0.9947089947089947,nan,nan,nan,10,26
0.06831367234766124,0.9824561403508771,0.9822685154145877,0.9822075539394683,0.9824223830024668,nan,nan,nan,nan,nan,nan,nan,0.985981308411215,0.9942528735632183,0.967032967032967,27,26
0.055574946276869416,0.9842105263157894,0.9839191732072129,0.9839196563334495,0.9839942638707435,nan,nan,nan,nan,0.9948717948717949,0.9770114942528736,0.9800995024875622,nan,nan,nan,19,26
0.03521915584699147,0.987783595113438,0.9877797540413337,0.9878241248652571,0.987762854429521,nan,nan,nan,nan,nan,nan,nan,0.9897435897435898,0.9947089947089947,0.9788359788359788,29,26
0.047596325609548434,0.9770723104056437,0.9772563588082447,0.9774212903428703,0.9774261986919903,nan,nan,nan,nan,nan,nan,nan,0.9847715736040609,0.9943820224719101,0.953125,21,26
0.052924228007517136,0.9893805309734514,0.9894076898634573,0.9894580854214223,0.9894212025790973,nan,nan,nan,nan,0.9944444444444445,0.9789473684210527,0.9948717948717949,nan,nan,nan,11,26
0.0483244016003381,0.986013986013986,0.9861314799091532,0.9855594270228417,0.9869598301894348,nan,nan,nan,nan,nan,nan,nan,0.9707317073170731,1.0,0.9901477832512315,24,26
0.04406816390433556,0.986013986013986,0.986150954308849,0.986150954308849,0.986150954308849,nan,nan,nan,nan,nan,nan,nan,0.9945054945054945,0.985,0.9789473684210527,25,26
0.05196237991589846,0.9807692307692307,0.9807121143030856,0.9804661737651429,0.9810742337077301,nan,nan,nan,nan,0.9887005649717514,0.9752475247524752,0.9792746113989638,nan,nan,nan,15,26
0.06459309751193763,0.9823321554770318,0.9824553534542794,0.9832326616246215,0.9821295819751815,nan,nan,nan,nan,nan,nan,nan,0.9751243781094527,0.9712643678160919,1.0,28,26
0.036147870217165395,0.983957219251337,0.9835202106237669,0.9837447777015651,0.9833223818016834,nan,nan,nan,nan,0.9800995024875622,0.9748427672955975,0.9950248756218906,nan,nan,nan,18,26
0.09008556286272851,0.9792027729636048,0.9792262378749665,0.9794727908221286,0.9792881522333576,1.0,0.9931506849315068,0.961038961038961,0.9629629629629629,nan,nan,nan,nan,nan,nan,1,26
0.11301877641300154,0.9682539682539683,0.9684389059487253,0.9677776986303538,0.9698549682368452,nan,nan,nan,nan,nan,nan,nan,0.9466019417475728,1.0,0.9629629629629629,22,26
0.07582713402290311,0.9773913043478261,0.9768025986903106,0.978891370869033,0.9753329189114518,0.9933333333333333,1.0,0.9606299212598425,0.9473684210526315,nan,nan,nan,nan,nan,nan,8,26
0.06007670599233519,0.9826689774696707,0.9822128341663273,0.9831852916605239,0.9813171937131173,0.9752066115702479,1.0,0.9763779527559056,0.9736842105263158,nan,nan,nan,nan,nan,nan,7,26
0.0964426106462876,0.9734982332155477,0.9733078025905514,0.9738108998059247,0.9735135135135136,nan,nan,nan,nan,nan,nan,nan,0.98,1.0,0.9405405405405406,23,26
0.10603362099285923,0.9723661485319517,0.9703655761386364,0.9734505193694882,0.9688987389645284,0.9932432432432432,0.9883040935672515,0.9083333333333333,0.9857142857142858,nan,nan,nan,nan,nan,nan,4,26
0.04707356646497972,0.9827288428324698,0.9819845222568123,0.982301723787966,0.9818469229874881,0.9743589743589743,1.0,0.9858156028368794,0.9672131147540983,nan,nan,nan,nan,nan,nan,0,26
0.043367983473049924,0.9844827586206897,0.9838229998885045,0.9837137486573577,0.9839719531127684,1.0,0.9858156028368794,0.9770992366412213,0.972972972972973,nan,nan,nan,nan,nan,nan,9,26
0.016548436225598886,0.9912434325744308,0.9913528849038159,0.9916130788336566,0.9911304288737454,nan,nan,nan,nan,0.995,0.9887005649717514,0.9896907216494846,nan,nan,nan,16,26
0.05565174270304851,0.987719298245614,0.9871452163184024,0.9872424567913289,0.9870750552529214,nan,nan,nan,nan,0.9904761904761905,0.9759036144578314,0.9948453608247423,nan,nan,nan,14,26
0.07626540543343355,0.9807355516637478,0.9807328213660668,0.9808908165221619,0.9809101416755194,nan,nan,nan,nan,nan,nan,nan,0.9946524064171123,0.9895287958115183,0.9585492227979274,26,26
0.04362187163267089,0.9844827586206897,0.9843483102647779,0.984412251395947,0.98453499397744,0.9856115107913669,0.9935064935064936,0.9928057553956835,0.9662162162162162,nan,nan,nan,nan,nan,nan,5,26
0.043831563268516525,0.9875886524822695,0.9870716853767701,0.9876985999685387,0.9866552681567958,nan,nan,nan,nan,0.9951690821256038,0.9700598802395209,0.9947368421052631,nan,nan,nan,13,26
0.0688452881490536,0.9759036144578314,0.9756255929077884,0.9753944743364973,0.9762731691535366,0.9914529914529915,0.9826589595375722,0.9795918367346939,0.9513888888888888,nan,nan,nan,nan,nan,nan,2,26
0.12343105824670363,0.9844020797227037,0.9845224001302394,0.9843646578675422,0.984742214519466,0.9859154929577465,1.0,0.975609756097561,0.9774436090225563,nan,nan,nan,nan,nan,nan,6,26
0.0377851116431379,0.9858156028368794,0.9856519142045149,0.9856451327575947,0.9856864622521782,nan,nan,nan,nan,0.9948717948717949,0.9832402234636871,0.9789473684210527,nan,nan,nan,12,26
0.016928488640890766,0.9929453262786596,0.9929659040414954,0.9929525181505238,0.9929883112499279,nan,nan,nan,nan,0.9947089947089947,0.9896907216494846,0.9945652173913043,nan,nan,nan,17,26
0.05026591861032001,0.9859649122807017,0.9861158680965049,0.986551349844153,0.9857945600498792,nan,nan,nan,nan,nan,nan,nan,0.978021978021978,0.9893617021276596,0.99,20,26
0.06700364398946274,0.9809027777777778,0.9799545868912978,0.9803852580168371,0.9799531568293857,0.9705882352941176,0.9941176470588236,0.9624060150375939,0.9927007299270073,nan,nan,nan,nan,nan,nan,3,26
0.054934246077512704,0.9894736842105263,0.988933288933289,0.9892456169459654,0.988662356840223,nan,nan,nan,nan,0.9952380952380953,0.9759036144578314,0.9948453608247423,nan,nan,nan,14,27
0.06422707238258833,0.9809027777777778,0.9799545868912978,0.9803852580168371,0.9799531568293857,0.9705882352941176,0.9941176470588236,0.9624060150375939,0.9927007299270073,nan,nan,nan,nan,nan,nan,3,27
0.04211412384595153,0.9875886524822695,0.9870716853767701,0.9876985999685387,0.9866552681567958,nan,nan,nan,nan,0.9951690821256038,0.9700598802395209,0.9947368421052631,nan,nan,nan,13,27
0.04643325634727565,0.9805996472663139,0.9808523345667656,0.9813921155864175,0.9808102934466435,nan,nan,nan,nan,nan,nan,nan,0.9949238578680203,0.9943820224719101,0.953125,21,27
0.04366999925977516,0.9862068965517241,0.9857907399257079,0.9858469236675329,0.9857450027581585,1.0,0.9929078014184397,0.9770992366412213,0.972972972972973,nan,nan,nan,nan,nan,nan,9,27
0.04153761525920249,0.9844827586206897,0.9843483102647779,0.984412251395947,0.98453499397744,0.9856115107913669,0.9935064935064936,0.9928057553956835,0.9662162162162162,nan,nan,nan,nan,nan,nan,5,27
0.06413801266656567,0.980565371024735,0.9807621645793829,0.9815068609038459,0.9803843812771014,nan,nan,nan,nan,nan,nan,nan,0.9751243781094527,0.9712643678160919,0.9947643979057592,28,27
0.015267259850386634,0.9912434325744308,0.9913528849038159,0.9916130788336566,0.9911304288737454,nan,nan,nan,nan,0.995,0.9887005649717514,0.9896907216494846,nan,nan,nan,16,27
0.04360369842227859,0.986013986013986,0.9861314799091532,0.9855594270228417,0.9869598301894348,nan,nan,nan,nan,nan,nan,nan,0.9707317073170731,1.0,0.9901477832512315,24,27
0.09503760059191049,0.9792027729636048,0.9791425467485955,0.9792220133667503,0.9792881522333576,1.0,0.9931506849315068,0.961038961038961,0.9629629629629629,nan,nan,nan,nan,nan,nan,1,27
0.041573126812516806,0.9844559585492227,0.983542588205919,0.9836332426737485,0.9834895511926162,0.9871794871794872,0.99375,0.9858156028368794,0.9672131147540983,nan,nan,nan,nan,nan,nan,0,27
0.039017280466699354,0.9858156028368794,0.9856433496358115,0.9857175040329555,0.9855786508241668,nan,nan,nan,nan,0.9948717948717949,0.9776536312849162,0.9842105263157894,nan,nan,nan,12,27
0.053026242633172335,0.9826086956521739,0.9819569856976095,0.9823735971010542,0.9816384016591228,0.9866666666666667,0.9939393939393939,0.968503937007874,0.9774436090225563,nan,nan,nan,nan,nan,nan,8,27
0.04939760461760064,0.9842657342657343,0.9842066268277011,0.9840478090677612,0.9845284651412362,nan,nan,nan,nan,0.9887005649717514,0.9752475247524752,0.9896373056994818,nan,nan,nan,15,27
0.054216647019428715,0.9893805309734514,0.9894076898634573,0.9894580854214223,0.9894212025790973,nan,nan,nan,nan,0.9944444444444445,0.9789473684210527,0.9948717948717949,nan,nan,nan,11,27
0.06952408208356549,0.9859894921190894,0.9860099652816458,0.9860368634116474,0.9860914888257785,nan,nan,nan,nan,nan,nan,nan,0.9946524064171123,0.9895287958115183,0.9740932642487047,26,27
0.03393561507174228,0.987783595113438,0.9877797540413337,0.9878241248652571,0.987762854429521,nan,nan,nan,nan,nan,nan,nan,0.9897435897435898,0.9947089947089947,0.9788359788359788,29,27
0.06345349568760462,0.9807355516637478,0.9807833810918812,0.9807321081849117,0.9809472773231902,nan,nan,nan,nan,0.9707317073170731,0.9774011299435028,0.9947089947089947,nan,nan,nan,10,27
0.06769097721654463,0.9842105263157894,0.9839819787892125,0.9837815973051113,0.9842538848339686,nan,nan,nan,nan,nan,nan,nan,0.985981308411215,0.9942528735632183,0.9725274725274725,27,27
0.08411723921178943,0.9717314487632509,0.9715681150764023,0.9719076017098617,0.971846846846847,nan,nan,nan,nan,nan,nan,nan,0.975,1.0,0.9405405405405406,23,27
0.07042966833786952,0.9759036144578314,0.9756255929077884,0.9753944743364973,0.9762731691535366,0.9914529914529915,0.9826589595375722,0.9795918367346939,0.9513888888888888,nan,nan,nan,nan,nan,nan,2,27
0.13907079247272983,0.9844020797227037,0.9843639513617235,0.9840937508226065,0.9846911836968492,0.9929577464788732,0.9927536231884058,0.975609756097561,0.9774436090225563,nan,nan,nan,nan,nan,nan,6,27
0.03404012330510239,0.9877622377622378,0.9878436357857937,0.9880352912807274,0.9877299016772702,nan,nan,nan,nan,nan,nan,nan,0.9945054945054945,0.995,0.9736842105263158,25,27
0.016223934552827914,0.9929453262786596,0.9929659040414954,0.9929525181505238,0.9929883112499279,nan,nan,nan,nan,0.9947089947089947,0.9896907216494846,0.9945652173913043,nan,nan,nan,17,27
0.04724707525651626,0.9844020797227037,0.9837732956930454,0.9832749299478727,0.9843607628344475,0.9917355371900827,0.9943502824858758,0.984251968503937,0.9671052631578947,nan,nan,nan,nan,nan,nan,7,27
0.03492274117080443,0.982174688057041,0.9816598201008446,0.9816637607156942,0.9816640070089804,nan,nan,nan,nan,0.9800995024875622,0.9748427672955975,0.9900497512437811,nan,nan,nan,18,27
0.10041299181628144,0.9735449735449735,0.9735992402659068,0.9729438973611418,0.9747093371688841,nan,nan,nan,nan,nan,nan,nan,0.9611650485436893,1.0,0.9629629629629629,22,27
0.050796714287975595,0.9842105263157894,0.984410725033179,0.9849635740905976,0.984021510404489,nan,nan,nan,nan,nan,nan,nan,0.978021978021978,0.9840425531914894,0.99,20,27
0.055607696905402314,0.9824561403508771,0.9822358969908374,0.9822699079933969,0.9823358890780405,nan,nan,nan,nan,0.9948717948717949,0.9770114942528736,0.9751243781094527,nan,nan,nan,19,27
0.10108613147665317,0.9810017271157168,0.9796807937075598,0.9813085179264672,0.9786940606019554,0.9932432432432432,0.9941520467836257,0.9416666666666667,0.9857142857142858,nan,nan,nan,nan,nan,nan,4,27
0.04704685748624292,0.9843478260869565,0.9836727870928036,0.9848553820563518,0.982727488011367,1.0,1.0,0.968503937007874,0.9624060150375939,nan,nan,nan,nan,nan,nan,8,28
0.04396510462153234,0.9810017271157168,0.9800860241810353,0.9799270194655673,0.9803244870900522,0.9807692307692307,0.9875,0.9858156028368794,0.9672131147540983,nan,nan,nan,nan,nan,nan,0,28
0.04789669798143829,0.9877622377622378,0.9879533772891395,0.9875394841385191,0.9886018663142296,nan,nan,nan,nan,nan,nan,nan,0.9707317073170731,1.0,0.9950738916256158,24,28
0.03866895342147664,0.9862068965517241,0.9861438394212281,0.986210707101118,0.9862241831666292,0.9856115107913669,0.9935064935064936,0.9928057553956835,0.972972972972973,nan,nan,nan,nan,nan,nan,5,28
0.05747553857509047,0.9823321554770318,0.9824553534542794,0.9832326616246215,0.9821295819751815,nan,nan,nan,nan,nan,nan,nan,0.9751243781094527,0.9712643678160919,1.0,28,28
0.045028647352915466,0.9788359788359788,0.978973429246678,0.9792707681769858,0.979118246069317,nan,nan,nan,nan,nan,nan,nan,0.9898477157360406,0.9943820224719101,0.953125,21,28
0.08976589852969291,0.9809358752166378,0.980814068630958,0.980866012359298,0.9809115288567343,1.0,0.9931506849315068,0.9675324675324676,0.9629629629629629,nan,nan,nan,nan,nan,nan,1,28
0.013673285243890455,0.9929947460595446,0.9931549840231612,0.993322389233742,0.99301366804512,nan,nan,nan,nan,0.995,0.9943502824858758,0.9896907216494846,nan,nan,nan,16,28
0.055152324557841186,0.9842105263157894,0.9840224448734781,0.9841609421154546,0.9839942638707435,nan,nan,nan,nan,0.9948717948717949,0.9770114942528736,0.9800995024875622,nan,nan,nan,19,28
0.03249317420543068,0.986013986013986,0.9860324260941028,0.9862046388605954,0.9859755157123579,nan,nan,nan,nan,nan,nan,nan,0.9945054945054945,0.995,0.968421052631579,25,28
0.07134481586552666,0.9741824440619621,0.9739135325234827,0.9738405243520333,0.9745370580424255,0.9914529914529915,0.9826589595375722,0.9795918367346939,0.9444444444444444,nan,nan,nan,nan,nan,nan,2,28
0.09246947300723857,0.9734982332155477,0.9733078025905514,0.9738108998059247,0.9735135135135136,nan,nan,nan,nan,nan,nan,nan,0.98,1.0,0.9405405405405406,23,28
0.03506053439923562,0.983957219251337,0.9835202106237669,0.9837447777015651,0.9833223818016834,nan,nan,nan,nan,0.9800995024875622,0.9748427672955975,0.9950248756218906,nan,nan,nan,18,28
0.04811663576725146,0.9842657342657343,0.9842066268277011,0.9840478090677612,0.9845284651412362,nan,nan,nan,nan,0.9887005649717514,0.9752475247524752,0.9896373056994818,nan,nan,nan,15,28
0.035933941677083366,0.9895287958115183,0.989521807663924,0.9895263253605919,0.9895265228598561,nan,nan,nan,nan,nan,nan,nan,0.9897435897435898,0.9947089947089947,0.9841269841269841,29,28
0.061993898523926165,0.9807355516637478,0.9807833810918812,0.9807321081849117,0.9809472773231902,nan,nan,nan,nan,0.9707317073170731,0.9774011299435028,0.9947089947089947,nan,nan,nan,10,28
0.03997345493270485,0.9858156028368794,0.9856519142045149,0.9856451327575947,0.9856864622521782,nan,nan,nan,nan,0.9948717948717949,0.9832402234636871,0.9789473684210527,nan,nan,nan,12,28
0.04903052075334065,0.9844020797227037,0.9841969926031995,0.9844101079085968,0.984036995739545,0.9917355371900827,0.9943502824858758,0.9763779527559056,0.9736842105263158,nan,nan,nan,nan,nan,nan,7,28
0.1400360507577716,0.9672413793103448,0.9669583849703118,0.9708512399617448,0.9650557045595214,1.0,1.0,0.9007633587786259,0.9594594594594594,nan,nan,nan,nan,nan,nan,9,28
0.05533538600300542,0.9876106194690265,0.9875962492673102,0.9876372376781744,0.9876668166141851,nan,nan,nan,nan,0.9944444444444445,0.9736842105263158,0.9948717948717949,nan,nan,nan,11,28
0.05787068289949578,0.9826388888888888,0.9817910213997822,0.9820657446209877,0.9818328560775059,0.9705882352941176,0.9941176470588236,0.9699248120300752,0.9927007299270073,nan,nan,nan,nan,nan,nan,3,28
0.039097935587051325,0.9893617021276596,0.9889493174375593,0.9893764143827005,0.9886512761408279,nan,nan,nan,nan,0.9951690821256038,0.9760479041916168,0.9947368421052631,nan,nan,nan,13,28
0.056512711349771254,0.9894736842105263,0.9890185746821855,0.988962203863916,0.9890830873814354,nan,nan,nan,nan,0.9904761904761905,0.9819277108433735,0.9948453608247423,nan,nan,nan,14,28
0.06260852866924121,0.9842105263157894,0.9839819787892125,0.9837815973051113,0.9842538848339686,nan,nan,nan,nan,nan,nan,nan,0.985981308411215,0.9942528735632183,0.9725274725274725,27,28
0.04480857831691133,0.9894736842105263,0.9895238971531023,0.9897734741107346,0.9893406593406594,nan,nan,nan,nan,nan,nan,nan,0.978021978021978,1.0,0.99,20,28
0.07088864291047987,0.9842381786339754,0.9842465657061436,0.9843009436279487,0.9843643731090254,nan,nan,nan,nan,nan,nan,nan,0.9946524064171123,0.9895287958115183,0.9689119170984456,26,28
0.11452282387957287,0.9664902998236331,0.966660011171812,0.9660092063725166,0.9682368452594989,nan,nan,nan,nan,nan,nan,nan,0.941747572815534,1.0,0.9629629629629629,22,28
0.12077376840534271,0.9844020797227037,0.9843639513617235,0.9840937508226065,0.9846911836968492,0.9929577464788732,0.9927536231884058,0.975609756097561,0.9774436090225563,nan,nan,nan,nan,nan,nan,6,28
0.1250748263164975,0.9758203799654577,0.9739593142631211,0.9766666666666667,0.972767786583576,0.9932432432432432,0.9883040935672515,0.9166666666666666,0.9928571428571429,nan,nan,nan,nan,nan,nan,4,28
0.016757631884603243,0.9929453262786596,0.9929659040414954,0.9929525181505238,0.9929883112499279,nan,nan,nan,nan,0.9947089947089947,0.9896907216494846,0.9945652173913043,nan,nan,nan,17,28
0.04515749761776533,0.9841269841269841,0.9842317993698274,0.9843814623562294,0.9844190637337845,nan,nan,nan,nan,nan,nan,nan,0.9949238578680203,1.0,0.9583333333333334,21,29
0.04808080159515763,0.9842657342657343,0.9842066268277011,0.9840478090677612,0.9845284651412362,nan,nan,nan,nan,0.9887005649717514,0.9752475247524752,0.9896373056994818,nan,nan,nan,15,29
0.0676348361557757,0.9809027777777778,0.9799601858462099,0.9807562168477701,0.9798982750995135,0.9705882352941176,0.9941176470588236,0.9548872180451128,1.0,nan,nan,nan,nan,nan,nan,3,29
0.05236599264099153,0.9810017271157168,0.9801975394730923,0.9802603383782504,0.980284422987488,0.9743589743589743,0.99375,0.9858156028368794,0.9672131147540983,nan,nan,nan,nan,nan,nan,0,29
0.07393003847238633,0.9724612736660929,0.9719553304143234,0.971783265396404,0.9728009469313144,0.9914529914529915,0.9826589595375722,0.9795918367346939,0.9375,nan,nan,nan,nan,nan,nan,2,29
0.07874543224246927,0.9792746113989638,0.9779564312092903,0.9791972766777994,0.9770048714127662,0.9864864864864865,0.9941520467836257,0.9416666666666667,0.9857142857142858,nan,nan,nan,nan,nan,nan,4,29
0.07237351548974402,0.9859894921190894,0.9860099652816458,0.9860368634116474,0.9860914888257785,nan,nan,nan,nan,nan,nan,nan,0.9946524064171123,0.9895287958115183,0.9740932642487047,26,29
0.0672540306796792,0.9807355516637478,0.9808506209444388,0.9807076708020269,0.9812045002344023,nan,nan,nan,nan,0.9658536585365853,0.9830508474576272,0.9947089947089947,nan,nan,nan,10,29
0.12130100843894884,0.9844020797227037,0.9843639513617235,0.9840937508226065,0.9846911836968492,0.9929577464788732,0.9927536231884058,0.975609756097561,0.9774436090225563,nan,nan,nan,nan,nan,nan,6,29
0.033632546504830114,0.9895104895104895,0.9895956517700885,0.9891339272674164,0.9902278825743922,nan,nan,nan,nan,nan,nan,nan,0.975609756097561,1.0,0.9950738916256158,24,29
0.05336511135525749,0.9860869565217392,0.9856170156531321,0.986510661758996,0.9849090245298284,0.9933333333333333,1.0,0.9763779527559056,0.9699248120300752,nan,nan,nan,nan,nan,nan,8,29
0.06109600066522742,0.9842105263157894,0.9839819787892125,0.9837815973051113,0.9842538848339686,nan,nan,nan,nan,nan,nan,nan,0.985981308411215,0.9942528735632183,0.9725274725274725,27,29
0.06481123865753609,0.9793103448275862,0.979209910290292,0.9795303966335392,0.9793144950519052,0.9712230215827338,0.987012987012987,0.9928057553956835,0.9662162162162162,nan,nan,nan,nan,nan,nan,5,29
0.04537448118207976,0.9861351819757366,0.9855841208161787,0.9855841208161787,0.9855841208161787,0.9834710743801653,0.9943502824858758,0.984251968503937,0.9802631578947368,nan,nan,nan,nan,nan,nan,7,29
0.05582901238570533,0.9842105263157894,0.9840224448734781,0.9841609421154546,0.9839942638707435,nan,nan,nan,nan,0.9948717948717949,0.9770114942528736,0.9800995024875622,nan,nan,nan,19,29
0.03160887414479577,0.983957219251337,0.9835202106237669,0.9837447777015651,0.9833223818016834,nan,nan,nan,nan,0.9800995024875622,0.9748427672955975,0.9950248756218906,nan,nan,nan,18,29
0.038757650149313524,0.9770318021201413,0.9771213208694789,0.9772033361628738,0.9771513139004981,nan,nan,nan,nan,nan,nan,nan,0.9701492537313433,0.9770114942528736,0.9842931937172775,28,29
0.03870909594277489,0.9893617021276596,0.9889493174375593,0.9893764143827005,0.9886512761408279,nan,nan,nan,nan,0.9951690821256038,0.9760479041916168,0.9947368421052631,nan,nan,nan,13,29
0.041722393211987056,0.9858156028368794,0.9855786508241668,0.9855786508241668,0.9855786508241668,nan,nan,nan,nan,0.9948717948717949,0.9776536312849162,0.9842105263157894,nan,nan,nan,12,29
0.03673495114263561,0.9895287958115183,0.989521807663924,0.9895263253605919,0.9895265228598561,nan,nan,nan,nan,nan,nan,nan,0.9897435897435898,0.9947089947089947,0.9841269841269841,29,29
0.09673693433547956,0.9792027729636048,0.9791425467485955,0.9792220133667503,0.9792881522333576,1.0,0.9931506849315068,0.961038961038961,0.9629629629629629,nan,nan,nan,nan,nan,nan,1,29
0.05533056071403229,0.9876106194690265,0.9875962492673102,0.9876372376781744,0.9876668166141851,nan,nan,nan,nan,0.9944444444444445,0.9736842105263158,0.9948717948717949,nan,nan,nan,11,29
0.09142051707021892,0.9752650176678446,0.9751173552126765,0.9756647172975774,0.9751801801801802,nan,nan,nan,nan,nan,nan,nan,0.985,1.0,0.9405405405405406,23,29
0.07148543008798924,0.9793103448275862,0.978826153270197,0.9794672932905648,0.9783306227292747,1.0,0.9929078014184397,0.9541984732824428,0.9662162162162162,nan,nan,nan,nan,nan,nan,9,29
0.012125293653096177,0.9912434325744308,0.9913457798097128,0.9914301546680092,0.9912954549867008,nan,nan,nan,nan,0.995,0.9943502824858758,0.9845360824742269,nan,nan,nan,16,29
0.09039213265997306,0.9753086419753086,0.9752899293129178,0.9746596537105274,0.9763274601462304,nan,nan,nan,nan,nan,nan,nan,0.9660194174757282,1.0,0.9629629629629629,22,29
0.016370070928638195,0.9947089947089947,0.9947490098747425,0.9947074140511102,0.9947999054528264,nan,nan,nan,nan,0.9947089947089947,0.9896907216494846,1.0,nan,nan,nan,17,29
0.045398678738921366,0.9894736842105263,0.9895238971531023,0.9897734741107346,0.9893406593406594,nan,nan,nan,nan,nan,nan,nan,0.978021978021978,1.0,0.99,20,29
0.03229097414360796,0.986013986013986,0.9860324260941028,0.9862046388605954,0.9859755157123579,nan,nan,nan,nan,nan,nan,nan,0.9945054945054945,0.995,0.968421052631579,25,29
0.05578789789999266,0.987719298245614,0.9873673075321775,0.9872712986955672,0.9874957857941338,nan,nan,nan,nan,0.9857142857142858,0.9819277108433735,0.9948453608247423,nan,nan,nan,14,29
0.0821447354586174,0.9773913043478261,0.9767608912207537,0.9792670342514359,0.9750310816411106,1.0,1.0,0.952755905511811,0.9473684210526315,nan,nan,nan,nan,nan,nan,8,30
0.031972879283582896,0.9895104895104895,0.9895956517700885,0.9891339272674164,0.9902278825743922,nan,nan,nan,nan,nan,nan,nan,0.975609756097561,1.0,0.9950738916256158,24,30
0.10392239092566581,0.9723661485319517,0.9713509069535269,0.9732346598579926,0.970063108221003,0.9932432432432432,0.9941520467836257,0.95,0.9428571428571428,nan,nan,nan,nan,nan,nan,4,30
0.011008208309956698,0.9964973730297724,0.9966151202749142,0.9966151202749142,0.9966151202749142,nan,nan,nan,nan,0.995,1.0,0.9948453608247423,nan,nan,nan,16,30
0.01576656246258305,0.9947089947089947,0.9947490098747425,0.9947074140511102,0.9947999054528264,nan,nan,nan,nan,0.9947089947089947,0.9896907216494846,1.0,nan,nan,nan,17,30
0.054035493593093835,0.9858407079646018,0.9858536544219983,0.9859696859696859,0.9859124306492727,nan,nan,nan,nan,0.9944444444444445,0.968421052631579,0.9948717948717949,nan,nan,nan,11,30
0.042441311390070444,0.9893617021276596,0.9891900090362422,0.9891061806347258,0.989303045610014,nan,nan,nan,nan,0.9948717948717949,0.9888268156424581,0.9842105263157894,nan,nan,nan,12,30
0.0750851410864723,0.9842381786339754,0.9842465657061436,0.9843009436279487,0.9843643731090254,nan,nan,nan,nan,nan,nan,nan,0.9946524064171123,0.9895287958115183,0.9689119170984456,26,30
0.0568025216473163,0.987719298245614,0.9871452163184024,0.9872424567913289,0.9870750552529214,nan,nan,nan,nan,0.9904761904761905,0.9759036144578314,0.9948453608247423,nan,nan,nan,14,30
0.07612517116164479,0.9770723104056437,0.9769810230803139,0.9763935874853518,0.9779455831235766,nan,nan,nan,nan,nan,nan,nan,0.970873786407767,1.0,0.9629629629629629,22,30
0.040349451960840575,0.9895287958115183,0.989521807663924,0.9895263253605919,0.9895265228598561,nan,nan,nan,nan,nan,nan,nan,0.9897435897435898,0.9947089947089947,0.9841269841269841,29,30
0.10636979521816677,0.9792027729636048,0.9792262378749665,0.9794727908221286,0.9792881522333576,1.0,0.9931506849315068,0.961038961038961,0.9629629629629629,nan,nan,nan,nan,nan,nan,1,30
0.067723873186639,0.9741824440619621,0.9736739012483914,0.9733375959079285,0.9745370580424255,0.9914529914529915,0.9826589595375722,0.9795918367346939,0.9444444444444444,nan,nan,nan,nan,nan,nan,2,30
0.04155068800537265,0.9876543209876543,0.9877830974636191,0.9878470984353337,0.9878912859560067,nan,nan,nan,nan,nan,nan,nan,0.9949238578680203,1.0,0.96875,21,30
0.03305559324912287,0.9912587412587412,0.9913739398277693,0.9914310645724259,0.9913263929053402,nan,nan,nan,nan,nan,nan,nan,0.9945054945054945,0.99,0.9894736842105263,25,30
0.04692456503592742,0.9842657342657343,0.9843124342580305,0.9842810123709,0.9846054158414875,nan,nan,nan,nan,0.9887005649717514,0.9702970297029703,0.9948186528497409,nan,nan,nan,15,30
0.030892249060141493,0.983957219251337,0.9835202106237669,0.9837447777015651,0.9833223818016834,nan,nan,nan,nan,0.9800995024875622,0.9748427672955975,0.9950248756218906,nan,nan,nan,18,30
0.048086049546933886,0.9894736842105263,0.9895228061186382,0.990066396929142,0.9891758241758243,nan,nan,nan,nan,nan,nan,nan,0.9725274725274725,1.0,0.995,20,30
0.049771669988564624,0.9810017271157168,0.9801975394730923,0.9802603383782504,0.980284422987488,0.9743589743589743,0.99375,0.9858156028368794,0.9672131147540983,nan,nan,nan,nan,nan,nan,0,30
0.036461340342713006,0.9893617021276596,0.9889493174375593,0.9893764143827005,0.9886512761408279,nan,nan,nan,nan,0.9951690821256038,0.9760479041916168,0.9947368421052631,nan,nan,nan,13,30
0.11375042969733554,0.9844020797227037,0.9843639513617235,0.9840937508226065,0.9846911836968492,0.9929577464788732,0.9927536231884058,0.975609756097561,0.9774436090225563,nan,nan,nan,nan,nan,nan,6,30
0.08420089611576663,0.9752650176678446,0.9751173552126765,0.9756647172975774,0.9751801801801802,nan,nan,nan,nan,nan,nan,nan,0.985,1.0,0.9405405405405406,23,30
0.04587928619424163,0.9878682842287695,0.9875431765381111,0.9878031768960068,0.9873264694237555,0.9917355371900827,0.9943502824858758,0.9763779527559056,0.9868421052631579,nan,nan,nan,nan,nan,nan,7,30
0.05889391883940536,0.9826388888888888,0.9817910213997822,0.9820657446209877,0.9818328560775059,0.9705882352941176,0.9941176470588236,0.9699248120300752,0.9927007299270073,nan,nan,nan,nan,nan,nan,3,30
0.05504562861299039,0.9842105263157894,0.9840224448734781,0.9841609421154546,0.9839942638707435,nan,nan,nan,nan,0.9948717948717949,0.9770114942528736,0.9800995024875622,nan,nan,nan,19,30
0.058416880804745434,0.987719298245614,0.9877369643680884,0.9875660802421365,0.9879168884969722,nan,nan,nan,nan,nan,nan,nan,0.985981308411215,0.9942528735632183,0.9835164835164835,27,30
0.04091858331553845,0.9770318021201413,0.9771213208694789,0.9772033361628738,0.9771513139004981,nan,nan,nan,nan,nan,nan,nan,0.9701492537313433,0.9770114942528736,0.9842931937172775,28,30
0.0661299210906792,0.9807355516637478,0.9808506209444388,0.9807076708020269,0.9812045002344023,nan,nan,nan,nan,0.9658536585365853,0.9830508474576272,0.9947089947089947,nan,nan,nan,10,30
0.06430669529278307,0.9827586206896551,0.9821929063634135,0.982127204675211,0.9827211794383306,1.0,0.9858156028368794,0.9923664122137404,0.9527027027027027,nan,nan,nan,nan,nan,nan,9,30
0.04491792605978461,0.9879310344827587,0.9878322761979745,0.9879097269218238,0.9879569317518958,0.9928057553956835,1.0,0.9928057553956835,0.9662162162162162,nan,nan,nan,nan,nan,nan,5,30
0.07857145943732273,0.9739130434782609,0.9734340747449921,0.9767800668654558,0.9713604878337576,1.0,1.0,0.9606299212598425,0.924812030075188,nan,nan,nan,nan,nan,nan,8,31
0.05407136319182529,0.9825174825174825,0.9827316786096301,0.9831390831390832,0.9827511085405822,nan,nan,nan,nan,nan,nan,nan,0.9835164835164835,0.97,0.9947368421052631,25,31
0.04597259903473767,0.982363315696649,0.9825746532034564,0.9829795505387877,0.9825464045577545,nan,nan,nan,nan,nan,nan,nan,0.9949238578680203,0.9943820224719101,0.9583333333333334,21,31
0.05355695955950068,0.987719298245614,0.987699244341389,0.9883212934296526,0.9873443223443225,nan,nan,nan,nan,nan,nan,nan,0.967032967032967,1.0,0.995,20,31
0.06385036034388529,0.9776247848537005,0.9775009996666404,0.9769949829609996,0.9784099212902887,1.0,0.9826589595375722,0.9795918367346939,0.9513888888888888,nan,nan,nan,nan,nan,nan,2,31
0.037596660635447025,0.9893617021276596,0.9889493174375593,0.9893764143827005,0.9886512761408279,nan,nan,nan,nan,0.9951690821256038,0.9760479041916168,0.9947368421052631,nan,nan,nan,13,31
0.05596625982058125,0.9827288428324698,0.9816862188441093,0.9819893648018648,0.9814403708647473,0.9871794871794872,0.99375,0.9858156028368794,0.9590163934426229,nan,nan,nan,nan,nan,nan,0,31
0.04683528604962501,0.986013986013986,0.9859998497507764,0.9859217855852774,0.9862555808579891,nan,nan,nan,nan,0.9887005649717514,0.9752475247524752,0.9948186528497409,nan,nan,nan,15,31
0.06723706856751556,0.9807355516637478,0.9808506209444388,0.9807076708020269,0.9812045002344023,nan,nan,nan,nan,0.9658536585365853,0.9830508474576272,0.9947089947089947,nan,nan,nan,10,31
0.06230283907222513,0.9827586206896551,0.9825880557421851,0.9829279032569256,0.9827799922224383,0.9856115107913669,1.0,0.9928057553956835,0.9527027027027027,nan,nan,nan,nan,nan,nan,5,31
0.029899053814814478,0.9857397504456328,0.9854103617908961,0.9854344996974214,0.9854188178603835,nan,nan,nan,nan,0.9800995024875622,0.9811320754716981,0.9950248756218906,nan,nan,nan,18,31
0.009701747360345002,0.9982486865148862,0.998307680082812,0.9982905982905983,0.9983333333333334,nan,nan,nan,nan,0.995,1.0,1.0,nan,nan,nan,16,31
0.044926809512415074,0.9787985865724381,0.978928314552865,0.9794777110395213,0.978639180579021,nan,nan,nan,nan,nan,nan,nan,0.9751243781094527,0.9712643678160919,0.9895287958115183,28,31
0.05666853437853408,0.9876106194690265,0.9875962492673102,0.9876372376781744,0.9876668166141851,nan,nan,nan,nan,0.9944444444444445,0.9736842105263158,0.9948717948717949,nan,nan,nan,11,31
0.04402443206850472,0.9875886524822695,0.9874440374440375,0.9873780164952142,0.9875486596451019,nan,nan,nan,nan,0.9948717948717949,0.9888268156424581,0.9789473684210527,nan,nan,nan,12,31
0.07548615354527202,0.9770318021201413,0.9768819944635857,0.9772875094089667,0.9769819819819819,nan,nan,nan,nan,nan,nan,nan,0.985,1.0,0.9459459459459459,23,31
0.045646221565747463,0.9878682842287695,0.9874387304531127,0.9872409438135697,0.987650236518658,0.9917355371900827,0.9943502824858758,0.984251968503937,0.9802631578947368,nan,nan,nan,nan,nan,nan,7,31
0.298865813554989,0.927689594356261,0.9289870261284378,0.9327986403813459,0.9327836852108696,nan,nan,nan,nan,nan,nan,nan,0.8300970873786407,1.0,0.9682539682539683,22,31
0.14130844028534884,0.9758203799654577,0.9737214530122594,0.9769074531967502,0.9724701675359569,0.9932432432432432,0.9883040935672515,0.9083333333333333,1.0,nan,nan,nan,nan,nan,nan,4,31
0.10313651529500739,0.9896013864818024,0.9896008475623692,0.9895946987137962,0.9896196634327742,0.9929577464788732,0.9927536231884058,0.9878048780487805,0.9849624060150376,nan,nan,nan,nan,nan,nan,6,31
0.05504478831870882,0.9842105263157894,0.9840224448734781,0.9841609421154546,0.9839942638707435,nan,nan,nan,nan,0.9948717948717949,0.9770114942528736,0.9800995024875622,nan,nan,nan,19,31
0.07388345126997188,0.9809027777777778,0.9802449586848287,0.9811275256371205,0.9802659221583371,0.9779411764705882,0.9882352941176471,0.9548872180451128,1.0,nan,nan,nan,nan,nan,nan,3,31
0.06593618016227588,0.9859894921190894,0.9860099652816458,0.9860368634116474,0.9860914888257785,nan,nan,nan,nan,nan,nan,nan,0.9946524064171123,0.9895287958115183,0.9740932642487047,26,31
0.09730556252256256,0.9792027729636048,0.9792262378749665,0.9794727908221286,0.9792881522333576,1.0,0.9931506849315068,0.961038961038961,0.9629629629629629,nan,nan,nan,nan,nan,nan,1,31
0.05558488334968893,0.9894736842105263,0.9890185746821855,0.988962203863916,0.9890830873814354,nan,nan,nan,nan,0.9904761904761905,0.9819277108433735,0.9948453608247423,nan,nan,nan,14,31
0.034621278878249645,0.9895104895104895,0.9895956517700885,0.9891339272674164,0.9902278825743922,nan,nan,nan,nan,nan,nan,nan,0.975609756097561,1.0,0.9950738916256158,24,31
0.04085434777353887,0.9896551724137931,0.9892597681756327,0.9893257152059969,0.9892072415927378,1.0,1.0,0.9770992366412213,0.9797297297297297,nan,nan,nan,nan,nan,nan,9,31
0.07199965283075471,0.980701754385965,0.980563522929833,0.9801106639533188,0.9811386200364609,nan,nan,nan,nan,nan,nan,nan,0.9766355140186916,0.9942528735632183,0.9725274725274725,27,31
0.016926781735290004,0.9947089947089947,0.9947300455720663,0.994688654892566,0.9947999054528264,nan,nan,nan,nan,0.9947089947089947,0.9896907216494846,1.0,nan,nan,nan,17,31
0.03784811985355595,0.9895287958115183,0.989521807663924,0.9895263253605919,0.9895265228598561,nan,nan,nan,nan,nan,nan,nan,0.9897435897435898,0.9947089947089947,0.9841269841269841,29,31
0.0550715558484727,0.987719298245614,0.9871452163184024,0.9872424567913289,0.9870750552529214,nan,nan,nan,nan,0.9904761904761905,0.9759036144578314,0.9948453608247423,nan,nan,nan,14,32
0.035916292786067866,0.9893617021276596,0.9889493174375593,0.9893764143827005,0.9886512761408279,nan,nan,nan,nan,0.9951690821256038,0.9760479041916168,0.9947368421052631,nan,nan,nan,13,32
0.03440517264728745,0.993006993006993,0.9932577687494123,0.9931254290477591,0.9934959349593496,nan,nan,nan,nan,nan,nan,nan,0.9804878048780488,1.0,1.0,24,32
0.03922458646249854,0.980565371024735,0.980750477474441,0.981120794728306,0.9805548893912815,nan,nan,nan,nan,nan,nan,nan,0.9751243781094527,0.9770114942528736,0.9895287958115183,28,32
0.10050010841319147,0.9896013864818024,0.9896008475623692,0.9895946987137962,0.9896196634327742,0.9929577464788732,0.9927536231884058,0.9878048780487805,0.9849624060150376,nan,nan,nan,nan,nan,nan,6,32
0.05557762583420198,0.9859649122807017,0.9857014810089145,0.9858106045691372,0.9856526386634467,nan,nan,nan,nan,0.9948717948717949,0.9770114942528736,0.9850746268656716,nan,nan,nan,19,32
0.04506831238890491,0.9827288428324698,0.9819845222568123,0.982301723787966,0.9818469229874881,0.9743589743589743,1.0,0.9858156028368794,0.9672131147540983,nan,nan,nan,nan,nan,nan,0,32
0.06703097875288222,0.9859894921190894,0.9860099652816458,0.9860368634116474,0.9860914888257785,nan,nan,nan,nan,nan,nan,nan,0.9946524064171123,0.9895287958115183,0.9740932642487047,26,32
0.009261984590516982,0.9982486865148862,0.998307680082812,0.9982905982905983,0.9983333333333334,nan,nan,nan,nan,0.995,1.0,1.0,nan,nan,nan,16,32
0.02838379909775944,0.9895104895104895,0.989662292482992,0.9897617177271537,0.989572006940428,nan,nan,nan,nan,nan,nan,nan,0.9945054945054945,0.99,0.9842105263157894,25,32
0.06127818072011198,0.9791666666666666,0.9781040939765806,0.9781901562416679,0.9781832210410095,0.9705882352941176,0.9941176470588236,0.9699248120300752,0.9781021897810219,nan,nan,nan,nan,nan,nan,3,32
0.10867078671839812,0.9629629629629629,0.963305568776773,0.9627415835257297,0.9648550538518176,nan,nan,nan,nan,nan,nan,nan,0.9368932038834952,1.0,0.9576719576719577,22,32
0.0451833768956811,0.9879310344827587,0.9874341919473477,0.9874341919473477,0.9874341919473477,1.0,0.9929078014184397,0.9770992366412213,0.9797297297297297,nan,nan,nan,nan,nan,nan,9,32
0.04895165041881754,0.9861351819757366,0.9856323026668503,0.9852965016323979,0.9860054996765528,0.9917355371900827,0.9943502824858758,0.984251968503937,0.9736842105263158,nan,nan,nan,nan,nan,nan,7,32
0.03625272792593629,0.9860869565217392,0.9854476269786143,0.9857410268939573,0.9851847675739097,0.9933333333333333,0.9939393939393939,0.968503937007874,0.9849624060150376,nan,nan,nan,nan,nan,nan,8,32
0.07777515436626142,0.9787985865724381,0.9786454209228794,0.9789259953113522,0.9787837837837837,nan,nan,nan,nan,nan,nan,nan,0.985,1.0,0.9513513513513514,23,32
0.04621092613564946,0.9875886524822695,0.9874440374440375,0.9873780164952142,0.9875486596451019,nan,nan,nan,nan,0.9948717948717949,0.9888268156424581,0.9789473684210527,nan,nan,nan,12,32
0.03743880618114619,0.9858906525573192,0.9860172015929852,0.986201200056341,0.9860186267799769,nan,nan,nan,nan,nan,nan,nan,0.9949238578680203,0.9943820224719101,0.96875,21,32
0.06797193159359773,0.9807355516637478,0.9808506209444388,0.9807076708020269,0.9812045002344023,nan,nan,nan,nan,0.9658536585365853,0.9830508474576272,0.9947089947089947,nan,nan,nan,10,32
0.014920173276045211,0.9929453262786596,0.9929659040414954,0.9929525181505238,0.9929883112499279,nan,nan,nan,nan,0.9947089947089947,0.9896907216494846,0.9945652173913043,nan,nan,nan,17,32
0.06534851761697562,0.9776247848537005,0.9775009996666404,0.9769949829609996,0.9784099212902887,1.0,0.9826589595375722,0.9795918367346939,0.9513888888888888,nan,nan,nan,nan,nan,nan,2,32
0.049689507810398936,0.9842657342657343,0.9843124342580305,0.9842810123709,0.9846054158414875,nan,nan,nan,nan,0.9887005649717514,0.9702970297029703,0.9948186528497409,nan,nan,nan,15,32
0.04147494360707545,0.9912280701754386,0.9912764737013902,0.991668187070486,0.9910073260073261,nan,nan,nan,nan,nan,nan,nan,0.978021978021978,1.0,0.995,20,32
0.03546170572452764,0.9895287958115183,0.989521807663924,0.9895263253605919,0.9895265228598561,nan,nan,nan,nan,nan,nan,nan,0.9897435897435898,0.9947089947089947,0.9841269841269841,29,32
0.1357336485560058,0.9775474956822107,0.9756844222007564,0.978432374772212,0.9745535008692903,0.9932432432432432,0.9883040935672515,0.9166666666666666,1.0,nan,nan,nan,nan,nan,nan,4,32
0.056163111761583825,0.9859649122807017,0.9860471407424279,0.9857598476033367,0.9863592560982184,nan,nan,nan,nan,nan,nan,nan,0.9813084112149533,0.9942528735632183,0.9835164835164835,27,32
0.10651312675958922,0.9774696707105719,0.9774611177375719,0.9775641780085838,0.977527588853076,0.9929577464788732,0.9931506849315068,0.961038961038961,0.9629629629629629,nan,nan,nan,nan,nan,nan,1,32
0.05344483247608878,0.9876106194690265,0.9875962492673102,0.9876372376781744,0.9876668166141851,nan,nan,nan,nan,0.9944444444444445,0.9736842105263158,0.9948717948717949,nan,nan,nan,11,32
0.029037221254030656,0.9893048128342246,0.9891694623277111,0.9891734645162629,0.989173628711787,nan,nan,nan,nan,0.9850746268656716,0.9874213836477987,0.9950248756218906,nan,nan,nan,18,32
0.04663313719931083,0.9862068965517241,0.9860874991265243,0.9861975621708658,0.9861583706008167,0.9856115107913669,1.0,0.9928057553956835,0.9662162162162162,nan,nan,nan,nan,nan,nan,5,32
0.05526940411675696,0.9894736842105263,0.9894280374618664,0.9893919701406664,0.9894745208957262,nan,nan,nan,nan,nan,nan,nan,0.9906542056074766,0.9942528735632183,0.9835164835164835,27,33
0.043656176511022854,0.9875886524822695,0.9873804083286819,0.9873294346978557,0.9874408482170903,nan,nan,nan,nan,0.9948717948717949,0.9832402234636871,0.9842105263157894,nan,nan,nan,12,33
0.05779085853525127,0.9894736842105263,0.988933288933289,0.9892456169459654,0.988662356840223,nan,nan,nan,nan,0.9952380952380953,0.9759036144578314,0.9948453608247423,nan,nan,nan,14,33
0.029608940360453237,0.9912587412587412,0.9914195838672883,0.9911295668109329,0.991869918699187,nan,nan,nan,nan,nan,nan,nan,0.975609756097561,1.0,1.0,24,33
0.06525689697769445,0.9877408056042032,0.987750680517749,0.9877462754107492,0.9878186045425315,nan,nan,nan,nan,nan,nan,nan,0.9946524064171123,0.9895287958115183,0.9792746113989638,26,33
0.09075830029958429,0.9861351819757366,0.9862107846271766,0.9859090505373479,0.9865708829449694,0.9929577464788732,0.9927536231884058,0.975609756097561,0.9849624060150376,nan,nan,nan,nan,nan,nan,6,33
0.0744753262551967,0.9788359788359788,0.9789817240787154,0.9783908216869858,0.9798547970069006,nan,nan,nan,nan,nan,nan,nan,0.9660194174757282,1.0,0.9735449735449735,22,33
0.05204839498382123,0.9879310344827587,0.9877844118559966,0.9877987439622866,0.9880663037137858,1.0,1.0,0.9928057553956835,0.9594594594594594,nan,nan,nan,nan,nan,nan,5,33
0.014287062167366256,0.9947089947089947,0.9947490098747425,0.9947074140511102,0.9947999054528264,nan,nan,nan,nan,0.9947089947089947,0.9896907216494846,1.0,nan,nan,nan,17,33
0.04969977784559079,0.9842657342657343,0.9842070132819091,0.9839190446355679,0.984684588595858,nan,nan,nan,nan,0.9943502824858758,0.9752475247524752,0.9844559585492227,nan,nan,nan,15,33
0.04816803842145924,0.987719298245614,0.9878231079482914,0.9884708527936343,0.987402774530434,nan,nan,nan,nan,nan,nan,nan,0.9725274725274725,0.9946808510638298,0.995,20,33
0.04095488951780782,0.9787985865724381,0.978928314552865,0.9794777110395213,0.978639180579021,nan,nan,nan,nan,nan,nan,nan,0.9751243781094527,0.9712643678160919,0.9895287958115183,28,33
0.06881744891183593,0.9824868651488616,0.9826621548176006,0.9824131105548116,0.9830877394057772,nan,nan,nan,nan,0.9658536585365853,0.9887005649717514,0.9947089947089947,nan,nan,nan,10,33
0.06361411831609362,0.9776247848537005,0.9775009996666404,0.9769949829609996,0.9784099212902887,1.0,0.9826589595375722,0.9795918367346939,0.9513888888888888,nan,nan,nan,nan,nan,nan,2,33
0.05556878737115767,0.9859649122807017,0.9857180599247828,0.9858101777138777,0.9856526386634467,nan,nan,nan,nan,0.9948717948717949,0.9770114942528736,0.9850746268656716,nan,nan,nan,19,33
0.00875598622961762,0.9982486865148862,0.998307680082812,0.9982905982905983,0.9983333333333334,nan,nan,nan,nan,0.995,1.0,1.0,nan,nan,nan,16,33
0.0339060639256685,0.9878260869565217,0.9871339186380453,0.987525412599697,0.9867887237779488,0.9933333333333333,1.0,0.9763779527559056,0.9774436090225563,nan,nan,nan,nan,nan,nan,8,33
0.10478609439127871,0.9685314685314685,0.969158505105165,0.9707093781908173,0.9694177752072489,nan,nan,nan,nan,nan,nan,nan,0.9835164835164835,0.93,0.9947368421052631,25,33
0.028921863541957766,0.9875222816399287,0.9872939500247621,0.9870995862149029,0.9875152539190838,nan,nan,nan,nan,0.9800995024875622,0.9874213836477987,0.9950248756218906,nan,nan,nan,18,33
0.24975711191717365,0.946551724137931,0.9459536131197581,0.9546115698260702,0.9430317722302455,1.0,1.0,0.8396946564885496,0.9324324324324325,nan,nan,nan,nan,nan,nan,9,33
0.07802811097146907,0.9792027729636048,0.9791324986374559,0.9792187788368467,0.9791509654764526,0.9929577464788732,0.9931506849315068,0.9675324675324676,0.9629629629629629,nan,nan,nan,nan,nan,nan,1,33
0.034812428510728445,0.9893617021276596,0.9889493174375593,0.9893764143827005,0.9886512761408279,nan,nan,nan,nan,0.9951690821256038,0.9760479041916168,0.9947368421052631,nan,nan,nan,13,33
0.04265620150100505,0.9858906525573192,0.9860172015929852,0.986201200056341,0.9860186267799769,nan,nan,nan,nan,nan,nan,nan,0.9949238578680203,0.9943820224719101,0.96875,21,33
0.052603949157568615,0.9878682842287695,0.9873446335357048,0.9869819007783818,0.9878393079154579,1.0,1.0,0.984251968503937,0.9671052631578947,nan,nan,nan,nan,nan,nan,7,33
0.036490866915199954,0.9895287958115183,0.989521807663924,0.9895263253605919,0.9895265228598561,nan,nan,nan,nan,nan,nan,nan,0.9897435897435898,0.9947089947089947,0.9841269841269841,29,33
0.08454218894864123,0.9752650176678446,0.9751173552126765,0.9756647172975774,0.9751801801801802,nan,nan,nan,nan,nan,nan,nan,0.985,1.0,0.9405405405405406,23,33
0.12432726934026792,0.9723661485319517,0.9708566520054569,0.9731655755591926,0.9694678701257649,0.9932432432432432,0.9941520467836257,0.9333333333333333,0.9571428571428572,nan,nan,nan,nan,nan,nan,4,33
0.04807609042846808,0.984375,0.9835418682229211,0.983396590901807,0.9836979269233626,0.9926470588235294,0.9941176470588236,0.9699248120300752,0.9781021897810219,nan,nan,nan,nan,nan,nan,3,33
0.05386417302361224,0.9876106194690265,0.9875962492673102,0.9876372376781744,0.9876668166141851,nan,nan,nan,nan,0.9944444444444445,0.9736842105263158,0.9948717948717949,nan,nan,nan,11,33
0.04205610391885946,0.9861830742659758,0.985329570989639,0.985674628083464,0.9850520511926163,0.9871794871794872,1.0,0.9858156028368794,0.9672131147540983,nan,nan,nan,nan,nan,nan,0,33
0.033584049416175626,0.9878260869565217,0.9871769232234349,0.9879716882000765,0.9864868865076076,1.0,1.0,0.968503937007874,0.9774436090225563,nan,nan,nan,nan,nan,nan,8,34
0.05616322504829441,0.987719298245614,0.9877369643680884,0.9875660802421365,0.9879168884969722,nan,nan,nan,nan,nan,nan,nan,0.985981308411215,0.9942528735632183,0.9835164835164835,27,34
0.03648430209593951,0.9895287958115183,0.9894997781941505,0.989482009720751,0.9895265228598561,nan,nan,nan,nan,nan,nan,nan,0.9897435897435898,0.9947089947089947,0.9841269841269841,29,34
0.05518205607222626,0.9859649122807017,0.9857014810089145,0.9858106045691372,0.9856526386634467,nan,nan,nan,nan,0.9948717948717949,0.9770114942528736,0.9850746268656716,nan,nan,nan,19,34
0.06313783624985565,0.9877408056042032,0.987750680517749,0.9877462754107492,0.9878186045425315,nan,nan,nan,nan,nan,nan,nan,0.9946524064171123,0.9895287958115183,0.9792746113989638,26,34
0.07388483997460248,0.9788359788359788,0.9785190572584792,0.9781083664516949,0.9794181606479341,nan,nan,nan,nan,nan,nan,nan,0.9805825242718447,1.0,0.9576719576719577,22,34
0.051962221384819804,0.9810017271157168,0.9801474797441897,0.9807330850603332,0.9797977426596193,0.9743589743589743,1.0,0.9858156028368794,0.9590163934426229,nan,nan,nan,nan,nan,nan,0,34
0.10841693148215295,0.9792746113989638,0.9779533156549456,0.9796235380116959,0.9769083463162411,0.9932432432432432,0.9941520467836257,0.9416666666666667,0.9785714285714285,nan,nan,nan,nan,nan,nan,4,34
0.014978846313574145,0.9947089947089947,0.9947490098747425,0.9947074140511102,0.9947999054528264,nan,nan,nan,nan,0.9947089947089947,0.9896907216494846,1.0,nan,nan,nan,17,34
0.0553317190755883,0.987719298245614,0.9871452163184024,0.9872424567913289,0.9870750552529214,nan,nan,nan,nan,0.9904761904761905,0.9759036144578314,0.9948453608247423,nan,nan,nan,14,34
0.07270798326418218,0.980565371024735,0.9804077082337952,0.9805804180483774,0.9805855855855855,nan,nan,nan,nan,nan,nan,nan,0.985,1.0,0.9567567567567568,23,34
0.05353076548231507,0.9825174825174825,0.9825154299594114,0.9822448883222363,0.9830344235793563,nan,nan,nan,nan,0.9943502824858758,0.9702970297029703,0.9844559585492227,nan,nan,nan,15,34
0.048453186201458574,0.9879310344827587,0.9876163161539928,0.9877384469261821,0.9875180524035485,1.0,1.0,0.9770992366412213,0.972972972972973,nan,nan,nan,nan,nan,nan,9,34
0.04176645374738857,0.9859649122807017,0.9860685893053444,0.986272421568398,0.9859009430286026,nan,nan,nan,nan,nan,nan,nan,0.978021978021978,0.9946808510638298,0.985,20,34
0.07379541154616738,0.9878682842287695,0.9877660937724011,0.9878056550418763,0.9877399641846539,0.9929577464788732,0.9927536231884058,0.9878048780487805,0.9774436090225563,nan,nan,nan,nan,nan,nan,6,34
0.03407652280733792,0.9896551724137931,0.9895547371847236,0.9895452487559098,0.989646120941085,0.9928057553956835,1.0,0.9928057553956835,0.972972972972973,nan,nan,nan,nan,nan,nan,5,34
0.04223735392830955,0.980565371024735,0.9806153221597169,0.9811344537815126,0.9802975553717242,nan,nan,nan,nan,nan,nan,nan,0.9800995024875622,0.9712643678160919,0.9895287958115183,28,34
0.010750032743291942,0.9964973730297724,0.9965108893392776,0.9965986394557823,0.9964500941619585,nan,nan,nan,nan,0.995,0.9943502824858758,1.0,nan,nan,nan,16,34
0.06496211805494424,0.9810671256454389,0.9809879047272935,0.9806521811303335,0.9814815024868699,0.9914529914529915,0.9826589595375722,0.9795918367346939,0.9722222222222222,nan,nan,nan,nan,nan,nan,2,34
0.051152207245554325,0.9878682842287695,0.9869013813266478,0.9864718490107729,0.987417929055084,0.9917355371900827,1.0,0.984251968503937,0.9736842105263158,nan,nan,nan,nan,nan,nan,7,34
0.031058757472136576,0.9912587412587412,0.9914195838672883,0.9911295668109329,0.991869918699187,nan,nan,nan,nan,nan,nan,nan,0.975609756097561,1.0,1.0,24,34
0.0350346590372889,0.9893617021276596,0.9889493174375593,0.9893764143827005,0.9886512761408279,nan,nan,nan,nan,0.9951690821256038,0.9760479041916168,0.9947368421052631,nan,nan,nan,13,34
0.03032478724142291,0.9893048128342246,0.9891694623277111,0.9891734645162629,0.989173628711787,nan,nan,nan,nan,0.9850746268656716,0.9874213836477987,0.9950248756218906,nan,nan,nan,18,34
0.03330359618727622,0.9895104895104895,0.9896690148199454,0.9897054718034618,0.9896597262386736,nan,nan,nan,nan,nan,nan,nan,0.9945054945054945,0.985,0.9894736842105263,25,34
0.06809208120143416,0.9842381786339754,0.984362566626719,0.9841208284420593,0.9847137556659398,nan,nan,nan,nan,0.9707317073170731,0.9887005649717514,0.9947089947089947,nan,nan,nan,10,34
0.04528542778603474,0.984375,0.983573546082288,0.9835377585377585,0.9836845091474931,0.9852941176470589,0.9941176470588236,0.9699248120300752,0.9854014598540146,nan,nan,nan,nan,nan,nan,3,34
0.0343875665954935,0.9841269841269841,0.9842120121601502,0.9844167083936441,0.9841459676039469,nan,nan,nan,nan,nan,nan,nan,0.9949238578680203,0.9887640449438202,0.96875,21,34
0.04442533272680925,0.9893617021276596,0.9891900090362422,0.9891061806347258,0.989303045610014,nan,nan,nan,nan,0.9948717948717949,0.9888268156424581,0.9842105263157894,nan,nan,nan,12,34
0.05434191944692025,0.9876106194690265,0.9875962492673102,0.9876372376781744,0.9876668166141851,nan,nan,nan,nan,0.9944444444444445,0.9736842105263158,0.9948717948717949,nan,nan,nan,11,34
0.07941742374992157,0.9774696707105719,0.9774611177375719,0.9775641780085838,0.977527588853076,0.9929577464788732,0.9931506849315068,0.961038961038961,0.9629629629629629,nan,nan,nan,nan,nan,nan,1,34
0.01434689265503645,0.9947089947089947,0.9947490098747425,0.9947074140511102,0.9947999054528264,nan,nan,nan,nan,0.9947089947089947,0.9896907216494846,1.0,nan,nan,nan,17,35
0.046030689767251796,0.9844827586206897,0.9839659488694479,0.9839836922911458,0.9839719531127684,1.0,0.9858156028368794,0.9770992366412213,0.972972972972973,nan,nan,nan,nan,nan,nan,9,35
0.03351920146249338,0.9823321554770318,0.9824071173914949,0.9822843885578724,0.9826411063177223,nan,nan,nan,nan,nan,nan,nan,0.9751243781094527,0.9885057471264368,0.9842931937172775,28,35
0.07133403641637415,0.9787985865724381,0.9787241646609658,0.9790432830887292,0.9787837837837837,nan,nan,nan,nan,nan,nan,nan,0.985,1.0,0.9513513513513514,23,35
0.04441289929410333,0.9841269841269841,0.9842962526141061,0.9845825004198022,0.9842825156688657,nan,nan,nan,nan,nan,nan,nan,0.9949238578680203,0.9943820224719101,0.9635416666666666,21,35
0.06431560202488779,0.9877408056042032,0.987750680517749,0.9877462754107492,0.9878186045425315,nan,nan,nan,nan,nan,nan,nan,0.9946524064171123,0.9895287958115183,0.9792746113989638,26,35
0.03169334301492199,0.993006993006993,0.9932577687494123,0.9931254290477591,0.9934959349593496,nan,nan,nan,nan,nan,nan,nan,0.9804878048780488,1.0,1.0,24,35
0.05041190128966265,0.9810017271157168,0.9801975394730923,0.9802603383782504,0.980284422987488,0.9743589743589743,0.99375,0.9858156028368794,0.9672131147540983,nan,nan,nan,nan,nan,nan,0,35
0.047499025713723074,0.9878682842287695,0.9871545701902213,0.9869599176132465,0.987417929055084,0.9917355371900827,1.0,0.984251968503937,0.9736842105263158,nan,nan,nan,nan,nan,nan,7,35
0.09134927082007045,0.9809358752166378,0.980814068630958,0.980866012359298,0.9809115288567343,1.0,0.9931506849315068,0.9675324675324676,0.9629629629629629,nan,nan,nan,nan,nan,nan,1,35
0.06450491959530107,0.9827882960413081,0.9828742541904079,0.9822771925671677,0.9836182546236221,1.0,0.9826589595375722,0.9795918367346939,0.9722222222222222,nan,nan,nan,nan,nan,nan,2,35
0.034109251663822865,0.9893617021276596,0.9889493174375593,0.9893764143827005,0.9886512761408279,nan,nan,nan,nan,0.9951690821256038,0.9760479041916168,0.9947368421052631,nan,nan,nan,13,35
0.07109420598216173,0.9805996472663139,0.9803646910890786,0.9799171767193343,0.9811818290782691,nan,nan,nan,nan,nan,nan,nan,0.9805825242718447,1.0,0.9629629629629629,22,35
0.05468798211743812,0.9912280701754386,0.9911204269038016,0.9912378491448259,0.99103215329448,nan,nan,nan,nan,nan,nan,nan,0.9953271028037384,0.9942528735632183,0.9835164835164835,27,35
0.06679329548852467,0.9824868651488616,0.9825465358924559,0.9823979543167044,0.9828305164945649,nan,nan,nan,nan,0.9707317073170731,0.9830508474576272,0.9947089947089947,nan,nan,nan,10,35
0.03740316309191066,0.9879310344827587,0.9878069924823655,0.9878101709908766,0.9879569317518958,0.9928057553956835,1.0,0.9928057553956835,0.9662162162162162,nan,nan,nan,nan,nan,nan,5,35
0.04644150479604529,0.9894736842105263,0.9895228061186382,0.990066396929142,0.9891758241758243,nan,nan,nan,nan,nan,nan,nan,0.9725274725274725,1.0,0.995,20,35
0.054040465323648985,0.9876106194690265,0.9876333176628105,0.9876209224948721,0.9877118008696956,nan,nan,nan,nan,0.9944444444444445,0.9789473684210527,0.9897435897435898,nan,nan,nan,11,35
0.047847784127851706,0.9861111111111112,0.9853489443507752,0.9853364131437325,0.9854812804876081,1.0,0.9941176470588236,0.9624060150375939,0.9854014598540146,nan,nan,nan,nan,nan,nan,3,35
0.032157181136527574,0.9895652173913043,0.9889651781161215,0.989641774891775,0.9883665857557279,1.0,1.0,0.968503937007874,0.9849624060150376,nan,nan,nan,nan,nan,nan,8,35
0.07802003537634798,0.9861351819757366,0.9862107846271766,0.9859090505373479,0.9865708829449694,0.9929577464788732,0.9927536231884058,0.975609756097561,0.9849624060150376,nan,nan,nan,nan,nan,nan,6,35
0.05596286052483871,0.987719298245614,0.9875015430495667,0.987731139290366,0.9873110134561499,nan,nan,nan,nan,0.9948717948717949,0.9770114942528736,0.9900497512437811,nan,nan,nan,19,35
0.008766125019165984,0.9964973730297724,0.9966151202749142,0.9966151202749142,0.9966151202749142,nan,nan,nan,nan,0.995,1.0,0.9948453608247423,nan,nan,nan,16,35
0.03774308224900677,0.9895287958115183,0.989521807663924,0.9895263253605919,0.9895265228598561,nan,nan,nan,nan,nan,nan,nan,0.9897435897435898,0.9947089947089947,0.9841269841269841,29,35
0.056082554885910615,0.987719298245614,0.9871452163184024,0.9872424567913289,0.9870750552529214,nan,nan,nan,nan,0.9904761904761905,0.9759036144578314,0.9948453608247423,nan,nan,nan,14,35
0.02965270756370349,0.9893048128342246,0.9891694623277111,0.9891734645162629,0.989173628711787,nan,nan,nan,nan,0.9850746268656716,0.9874213836477987,0.9950248756218906,nan,nan,nan,18,35
0.12036885893356061,0.9758203799654577,0.9739059629387252,0.9766093726906354,0.9724440606019553,0.9932432432432432,0.9941520467836257,0.9166666666666666,0.9857142857142858,nan,nan,nan,nan,nan,nan,4,35
0.04771706695545516,0.986013986013986,0.9859688474873153,0.9857197403589156,0.9863347536123596,nan,nan,nan,nan,0.9943502824858758,0.9801980198019802,0.9844559585492227,nan,nan,nan,15,35
0.030917470925487578,0.9877622377622378,0.9877192889826126,0.9880586468821763,0.9877192982456141,nan,nan,nan,nan,nan,nan,nan,1.0,1.0,0.9631578947368421,25,35
0.04427761631025836,0.9875886524822695,0.9873804083286819,0.9873294346978557,0.9874408482170903,nan,nan,nan,nan,0.9948717948717949,0.9832402234636871,0.9842105263157894,nan,nan,nan,12,35
0.07626209008513898,0.9787985865724381,0.9786454209228794,0.9789259953113522,0.9787837837837837,nan,nan,nan,nan,nan,nan,nan,0.985,1.0,0.9513513513513514,23,36
0.04797953435600726,0.9879310344827587,0.9874341919473477,0.9874341919473477,0.9874341919473477,1.0,0.9929078014184397,0.9770992366412213,0.9797297297297297,nan,nan,nan,nan,nan,nan,9,36
0.031345555870252104,0.9893048128342246,0.9891694623277111,0.9891734645162629,0.989173628711787,nan,nan,nan,nan,0.9850746268656716,0.9874213836477987,0.9950248756218906,nan,nan,nan,18,36
0.06803812397945301,0.9827882960413081,0.9828742541904079,0.9822771925671677,0.9836182546236221,1.0,0.9826589595375722,0.9795918367346939,0.9722222222222222,nan,nan,nan,nan,nan,nan,2,36
0.06348891917635531,0.9877408056042032,0.987750680517749,0.9877462754107492,0.9878186045425315,nan,nan,nan,nan,nan,nan,nan,0.9946524064171123,0.9895287958115183,0.9792746113989638,26,36
0.0666672904335428,0.9842381786339754,0.984362566626719,0.9841208284420593,0.9847137556659398,nan,nan,nan,nan,0.9707317073170731,0.9887005649717514,0.9947089947089947,nan,nan,nan,10,36
0.050832906278729856,0.9893805309734514,0.9894076898634573,0.9894580854214223,0.9894212025790973,nan,nan,nan,nan,0.9944444444444445,0.9789473684210527,0.9948717948717949,nan,nan,nan,11,36
0.05462622094501057,0.984375,0.9835884740115346,0.9838221646339506,0.9836296274176209,0.9852941176470589,0.9941176470588236,0.9624060150375939,0.9927007299270073,nan,nan,nan,nan,nan,nan,3,36
0.10026562574440552,0.9792746113989638,0.9779698658957291,0.9800538400328559,0.976610727268622,0.9932432432432432,0.9941520467836257,0.9333333333333333,0.9857142857142858,nan,nan,nan,nan,nan,nan,4,36
0.04044575753957097,0.9827288428324698,0.9816211107501888,0.981894041218638,0.9814403708647473,0.9871794871794872,0.99375,0.9858156028368794,0.9590163934426229,nan,nan,nan,nan,nan,nan,0,36
0.04069971403158787,0.9895287958115183,0.989521807663924,0.9895263253605919,0.9895265228598561,nan,nan,nan,nan,nan,nan,nan,0.9897435897435898,0.9947089947089947,0.9841269841269841,29,36
0.039901309016866233,0.9843478260869565,0.9835890809782231,0.9839023000414422,0.9833665857557279,0.98,1.0,0.968503937007874,0.9849624060150376,nan,nan,nan,nan,nan,nan,8,36
0.03620758809564803,0.9893617021276596,0.9889493174375593,0.9893764143827005,0.9886512761408279,nan,nan,nan,nan,0.9951690821256038,0.9760479041916168,0.9947368421052631,nan,nan,nan,13,36
0.5015897328654925,0.9065255731922398,0.9086442928656044,0.9184909854788709,0.9133662094827143,nan,nan,nan,nan,nan,nan,nan,0.7718446601941747,1.0,0.9682539682539683,22,36
0.05213764259431292,0.9896013864818024,0.9888960349675517,0.9883977320006002,0.9894840447575632,1.0,1.0,0.984251968503937,0.9736842105263158,nan,nan,nan,nan,nan,nan,7,36
0.039659933680215746,0.9787985865724381,0.9788181103246826,0.9791714769895146,0.978639180579021,nan,nan,nan,nan,nan,nan,nan,0.9751243781094527,0.9712643678160919,0.9895287958115183,28,36
0.05720802575463798,0.9859649122807017,0.9859654580098455,0.9856391479741488,0.9863592560982184,nan,nan,nan,nan,nan,nan,nan,0.9813084112149533,0.9942528735632183,0.9835164835164835,27,36
0.04346049965665265,0.9858906525573192,0.986045604025516,0.9864440795475279,0.9861111111111112,nan,nan,nan,nan,nan,nan,nan,1.0,1.0,0.9583333333333334,21,36
0.08599450056805692,0.9809358752166378,0.9810309964865661,0.980905308916964,0.9814115331720965,0.9859154929577465,1.0,0.9545454545454546,0.9851851851851852,nan,nan,nan,nan,nan,nan,1,36
0.04469554006221996,0.9875886524822695,0.9873804083286819,0.9873294346978557,0.9874408482170903,nan,nan,nan,nan,0.9948717948717949,0.9832402234636871,0.9842105263157894,nan,nan,nan,12,36
0.07643586070841928,0.9878682842287695,0.9878492500010362,0.9874426752593785,0.988331446325251,1.0,0.9927536231884058,0.975609756097561,0.9849624060150376,nan,nan,nan,nan,nan,nan,6,36
0.03548444979893056,0.9896551724137931,0.9895547371847236,0.9895452487559098,0.989646120941085,0.9928057553956835,1.0,0.9928057553956835,0.972972972972973,nan,nan,nan,nan,nan,nan,5,36
0.014555849168674386,0.9947089947089947,0.9947300455720663,0.994688654892566,0.9947999054528264,nan,nan,nan,nan,0.9947089947089947,0.9896907216494846,1.0,nan,nan,nan,17,36
0.037648964361222975,0.9877622377622378,0.9878076946937219,0.9882467302933898,0.9877192982456141,nan,nan,nan,nan,nan,nan,nan,1.0,1.0,0.9631578947368421,25,36
0.05151539137053381,0.9894736842105263,0.9891400435393966,0.989693411746695,0.988662356840223,nan,nan,nan,nan,0.9952380952380953,0.9759036144578314,0.9948453608247423,nan,nan,nan,14,36
0.03542846025811741,0.9912587412587412,0.991619569916289,0.9915385741472699,0.991869918699187,nan,nan,nan,nan,nan,nan,nan,0.975609756097561,1.0,1.0,24,36
0.04161084993433582,0.9894736842105263,0.9895685847241985,0.9897744384367515,0.9893991115267711,nan,nan,nan,nan,nan,nan,nan,0.9835164835164835,0.9946808510638298,0.99,20,36
0.05718293362103092,0.9894736842105263,0.9891807188439937,0.989422340430531,0.988969388248853,nan,nan,nan,nan,0.9948717948717949,0.9770114942528736,0.9950248756218906,nan,nan,nan,19,36
0.0652609993412625,0.9807692307692307,0.980815092522081,0.9804799729592699,0.9815403820174763,nan,nan,nan,nan,1.0,0.9653465346534653,0.9792746113989638,nan,nan,nan,15,36
0.007651944275645898,0.9982486865148862,0.998307680082812,0.9982905982905983,0.9983333333333334,nan,nan,nan,nan,0.995,1.0,1.0,nan,nan,nan,16,36
0.0315428238051633,0.9912587412587412,0.9914313749048821,0.9915262558422686,0.9914634146341464,nan,nan,nan,nan,nan,nan,nan,0.9804878048780488,0.9939024390243902,1.0,24,37
0.11636736241376235,0.9667832167832168,0.9666005442907969,0.9667019419999258,0.967877357683955,nan,nan,nan,nan,1.0,0.9554455445544554,0.9481865284974094,nan,nan,nan,15,37
0.07112735640384926,0.9824868651488616,0.9826001618711518,0.9822734326505276,0.9830877394057772,nan,nan,nan,nan,0.9658536585365853,0.9887005649717514,0.9947089947089947,nan,nan,nan,10,37
0.04111013998569596,0.9861830742659758,0.985329570989639,0.985674628083464,0.9850520511926163,0.9871794871794872,1.0,0.9858156028368794,0.9672131147540983,nan,nan,nan,nan,nan,nan,0,37
0.04096308549075426,0.987719298245614,0.9878202361680727,0.9881545723377125,0.9875676096952692,nan,nan,nan,nan,nan,nan,nan,0.978021978021978,0.9946808510638298,0.99,20,37
0.10547480993194001,0.9844020797227037,0.9842207021015273,0.9844176031841595,0.9842472342472341,1.0,1.0,0.974025974025974,0.9629629629629629,nan,nan,nan,nan,nan,nan,1,37
0.043977195250717055,0.9875886524822695,0.9873804083286819,0.9873294346978557,0.9874408482170903,nan,nan,nan,nan,0.9948717948717949,0.9832402234636871,0.9842105263157894,nan,nan,nan,12,37
0.0739207466169534,0.9896013864818024,0.9895432861699116,0.9892626528959254,0.9898558365691535,1.0,0.9927536231884058,0.9817073170731707,0.9849624060150376,nan,nan,nan,nan,nan,nan,6,37
0.034341049773300054,0.9912587412587412,0.9913739398277693,0.9914310645724259,0.9913263929053402,nan,nan,nan,nan,nan,nan,nan,0.9945054945054945,0.99,0.9894736842105263,25,37
0.03033620407370563,0.9895652173913043,0.9889651781161215,0.989641774891775,0.9883665857557279,1.0,1.0,0.968503937007874,0.9849624060150376,nan,nan,nan,nan,nan,nan,8,37
0.0625711628874544,0.9877408056042032,0.9877504431868647,0.987728000556948,0.9878005195612042,nan,nan,nan,nan,nan,nan,nan,0.9946524064171123,0.9842931937172775,0.9844559585492227,26,37
0.07010613110464635,0.9810671256454389,0.9809879047272935,0.9806521811303335,0.9814815024868699,0.9914529914529915,0.9826589595375722,0.9795918367346939,0.9722222222222222,nan,nan,nan,nan,nan,nan,2,37
0.04407365030622006,0.9787985865724381,0.9787823500246655,0.9791355525566052,0.9785523546736439,nan,nan,nan,nan,nan,nan,nan,0.9800995024875622,0.9712643678160919,0.9842931937172775,28,37
0.04529820188114778,0.9858906525573192,0.986045604025516,0.9864440795475279,0.9861111111111112,nan,nan,nan,nan,nan,nan,nan,1.0,1.0,0.9583333333333334,21,37
0.030120966615666274,0.9893048128342246,0.9891694623277111,0.9891734645162629,0.989173628711787,nan,nan,nan,nan,0.9850746268656716,0.9874213836477987,0.9950248756218906,nan,nan,nan,18,37
0.04673401612795209,0.9896551724137931,0.9892597681756327,0.9893257152059969,0.9892072415927378,1.0,1.0,0.9770992366412213,0.9797297297297297,nan,nan,nan,nan,nan,nan,9,37
0.04734551755858487,0.9878682842287695,0.9871241847678374,0.9870287999367119,0.987228857658284,0.9834710743801653,0.9943502824858758,0.984251968503937,0.9868421052631579,nan,nan,nan,nan,nan,nan,7,37
0.09850356924567007,0.9827288428324698,0.9814059712587458,0.9834990721618628,0.9801821558400505,0.9932432432432432,0.9941520467836257,0.9333333333333333,1.0,nan,nan,nan,nan,nan,nan,4,37
0.05683952662507687,0.9894736842105263,0.9891807188439937,0.989422340430531,0.988969388248853,nan,nan,nan,nan,0.9948717948717949,0.9770114942528736,0.9950248756218906,nan,nan,nan,19,37
0.060917271310851596,0.9840989399293286,0.9840103037024762,0.983939058561995,0.98414937036484,nan,nan,nan,nan,nan,nan,nan,0.985,0.994475138121547,0.972972972972973,23,37
0.0393081923749479,0.9895287958115183,0.989521807663924,0.9895263253605919,0.9895265228598561,nan,nan,nan,nan,nan,nan,nan,0.9897435897435898,0.9947089947089947,0.9841269841269841,29,37
0.0544723032071488,0.987719298245614,0.9871452163184024,0.9872424567913289,0.9870750552529214,nan,nan,nan,nan,0.9904761904761905,0.9759036144578314,0.9948453608247423,nan,nan,nan,14,37
0.05147486230844657,0.9912280701754386,0.9911204269038016,0.9912378491448259,0.99103215329448,nan,nan,nan,nan,nan,nan,nan,0.9953271028037384,0.9942528735632183,0.9835164835164835,27,37
0.03962156280603698,0.9896551724137931,0.9895547371847236,0.9895452487559098,0.989646120941085,0.9928057553956835,1.0,0.9928057553956835,0.972972972972973,nan,nan,nan,nan,nan,nan,5,37
0.013856877446920003,0.9947089947089947,0.9947300455720663,0.994688654892566,0.9947999054528264,nan,nan,nan,nan,0.9947089947089947,0.9896907216494846,1.0,nan,nan,nan,17,37
0.05194990684524075,0.9893805309734514,0.9894076898634573,0.9894580854214223,0.9894212025790973,nan,nan,nan,nan,0.9944444444444445,0.9789473684210527,0.9948717948717949,nan,nan,nan,11,37
0.0067696038828823175,0.9982486865148862,0.998307680082812,0.9982905982905983,0.9983333333333334,nan,nan,nan,nan,0.995,1.0,1.0,nan,nan,nan,16,37
0.03456688298198666,0.9893617021276596,0.9889493174375593,0.9893764143827005,0.9886512761408279,nan,nan,nan,nan,0.9951690821256038,0.9760479041916168,0.9947368421052631,nan,nan,nan,13,37
0.04839395220559103,0.9861111111111112,0.9853793760088634,0.9852469874883394,0.9855361622174801,1.0,0.9941176470588236,0.9699248120300752,0.9781021897810219,nan,nan,nan,nan,nan,nan,3,37
1.2258611453904047,0.8465608465608465,0.8472167993269119,0.8803295831312679,0.8580301667341631,nan,nan,nan,nan,nan,nan,nan,0.6116504854368932,0.9941860465116279,0.9682539682539683,22,37
0.02688682211762878,0.991304347826087,0.9909130968913578,0.9915674603174603,0.9903350896927358,1.0,1.0,0.9763779527559056,0.9849624060150376,nan,nan,nan,nan,nan,nan,8,38
0.09335158586806133,0.9844020797227037,0.9842207021015273,0.9844176031841595,0.9842472342472341,1.0,1.0,0.974025974025974,0.9629629629629629,nan,nan,nan,nan,nan,nan,1,38
0.03576458882566334,0.9895287958115183,0.9894997781941505,0.989482009720751,0.9895265228598561,nan,nan,nan,nan,nan,nan,nan,0.9897435897435898,0.9947089947089947,0.9841269841269841,29,38
0.03001182957693042,0.9912587412587412,0.991619569916289,0.9915385741472699,0.991869918699187,nan,nan,nan,nan,nan,nan,nan,0.975609756097561,1.0,1.0,24,38
0.03891951148273763,0.9861830742659758,0.985329570989639,0.985674628083464,0.9850520511926163,0.9871794871794872,1.0,0.9858156028368794,0.9672131147540983,nan,nan,nan,nan,nan,nan,0,38
0.05081681810634109,0.9861111111111112,0.9853793760088634,0.9852469874883394,0.9855361622174801,1.0,0.9941176470588236,0.9699248120300752,0.9781021897810219,nan,nan,nan,nan,nan,nan,3,38
0.031863744129724286,0.9877622377622378,0.9878436357857937,0.9880352912807274,0.9877299016772702,nan,nan,nan,nan,nan,nan,nan,0.9945054945054945,0.995,0.9736842105263158,25,38
0.0066378609027297995,0.9982486865148862,0.998307680082812,0.9982905982905983,0.9983333333333334,nan,nan,nan,nan,0.995,1.0,1.0,nan,nan,nan,16,38
0.06595571680797245,0.9842381786339754,0.984362566626719,0.9841208284420593,0.9847137556659398,nan,nan,nan,nan,0.9707317073170731,0.9887005649717514,0.9947089947089947,nan,nan,nan,10,38
0.030171263783308352,0.9893048128342246,0.9891694623277111,0.9891734645162629,0.989173628711787,nan,nan,nan,nan,0.9850746268656716,0.9874213836477987,0.9950248756218906,nan,nan,nan,18,38
0.04027637414724773,0.9840989399293286,0.984267043024773,0.9844709502117798,0.9841289729962451,nan,nan,nan,nan,nan,nan,nan,0.9800995024875622,0.9827586206896551,0.9895287958115183,28,38
0.04751248095184716,0.9858156028368794,0.9856345102124568,0.9855921855921856,0.9856864622521782,nan,nan,nan,nan,0.9948717948717949,0.9832402234636871,0.9789473684210527,nan,nan,nan,12,38
0.06208064710841023,0.9912434325744308,0.9912318261958069,0.9912184976329712,0.9912728359760375,nan,nan,nan,nan,nan,nan,nan,0.9946524064171123,0.9895287958115183,0.9896373056994818,26,38
0.052730682074067343,0.9912280701754386,0.9911204269038016,0.9912378491448259,0.99103215329448,nan,nan,nan,nan,nan,nan,nan,0.9953271028037384,0.9942528735632183,0.9835164835164835,27,38
0.05266329421364288,0.986013986013986,0.9861754677197383,0.9859410430839003,0.986644778467484,nan,nan,nan,nan,1.0,0.9702970297029703,0.9896373056994818,nan,nan,nan,15,38
0.05845075491561147,0.9912280701754386,0.9910061347450955,0.9911367037103888,0.9908850970611135,nan,nan,nan,nan,0.9948717948717949,0.9827586206896551,0.9950248756218906,nan,nan,nan,19,38
0.04157126707589972,0.9912280701754386,0.9913158534412458,0.9914102053503494,0.991230613358273,nan,nan,nan,nan,nan,nan,nan,0.989010989010989,0.9946808510638298,0.99,20,38
0.06064993716750501,0.9840989399293286,0.9839955899934317,0.9840061015189017,0.9841891891891891,nan,nan,nan,nan,nan,nan,nan,0.985,1.0,0.9675675675675676,23,38
0.03377859118841621,0.9893617021276596,0.9889493174375593,0.9893764143827005,0.9886512761408279,nan,nan,nan,nan,0.9951690821256038,0.9760479041916168,0.9947368421052631,nan,nan,nan,13,38
0.0698377868772073,0.9776247848537005,0.9773365450072815,0.976968155683326,0.9780092802646477,0.9914529914529915,0.9826589595375722,0.9795918367346939,0.9583333333333334,nan,nan,nan,nan,nan,nan,2,38
0.04934038165225729,0.9862068965517241,0.9856094008910877,0.9855709605709606,0.9856611423019577,1.0,0.9858156028368794,0.9770992366412213,0.9797297297297297,nan,nan,nan,nan,nan,nan,9,38
0.05426768006388253,0.987719298245614,0.9871452163184024,0.9872424567913289,0.9870750552529214,nan,nan,nan,nan,0.9904761904761905,0.9759036144578314,0.9948453608247423,nan,nan,nan,14,38
0.059845890786068355,0.9793103448275862,0.9789870395206626,0.9796834505738615,0.9790299385623127,0.9568345323741008,0.9935064935064936,0.9928057553956835,0.972972972972973,nan,nan,nan,nan,nan,nan,5,38
0.041731729757379474,0.9841269841269841,0.9842878946028456,0.9848376967174207,0.9842384519350812,nan,nan,nan,nan,nan,nan,nan,1.0,0.9943820224719101,0.9583333333333334,21,38
0.04906648284668336,0.9893805309734514,0.9894076898634573,0.9894580854214223,0.9894212025790973,nan,nan,nan,nan,0.9944444444444445,0.9789473684210527,0.9948717948717949,nan,nan,nan,11,38
0.05237185116297233,0.9861351819757366,0.9853499798948009,0.9850560177885546,0.9857731922129787,0.9917355371900827,1.0,0.984251968503937,0.9671052631578947,nan,nan,nan,nan,nan,nan,7,38
0.07832804118843821,0.9861351819757366,0.9861572129347551,0.9856492012272535,0.9868070560813486,1.0,0.9927536231884058,0.9695121951219512,0.9849624060150376,nan,nan,nan,nan,nan,nan,6,38
1.3634988069534302,0.8042328042328042,0.8030671682847693,0.8697184961769452,0.8184979510146967,nan,nan,nan,nan,nan,nan,nan,0.49514563106796117,0.9709302325581395,0.9894179894179894,22,38
0.014107618450503246,0.9947089947089947,0.9947300455720663,0.994688654892566,0.9947999054528264,nan,nan,nan,nan,0.9947089947089947,0.9896907216494846,1.0,nan,nan,nan,17,38
0.11684856228796554,0.9810017271157168,0.9793230956384298,0.9817481513657776,0.9780988225067173,0.9932432432432432,0.9941520467836257,0.925,1.0,nan,nan,nan,nan,nan,nan,4,38
0.02848495118354953,0.9947826086956522,0.9944095971264089,0.9945877259036144,0.9942720975667515,1.0,1.0,0.9921259842519685,0.9849624060150376,nan,nan,nan,nan,nan,nan,8,39
0.030438657658426866,0.9893048128342246,0.9891694623277111,0.9891734645162629,0.989173628711787,nan,nan,nan,nan,0.9850746268656716,0.9874213836477987,0.9950248756218906,nan,nan,nan,18,39
0.032838347259611406,0.9893617021276596,0.9889493174375593,0.9893764143827005,0.9886512761408279,nan,nan,nan,nan,0.9951690821256038,0.9760479041916168,0.9947368421052631,nan,nan,nan,13,39
0.056601318669789985,0.9823321554770318,0.9822594030333569,0.9822591176939003,0.9823475685630382,nan,nan,nan,nan,nan,nan,nan,0.985,0.994475138121547,0.9675675675675676,23,39
0.024004753497946594,0.993006993006993,0.9930656555441625,0.9930887071444313,0.9930701754385964,nan,nan,nan,nan,nan,nan,nan,1.0,0.995,0.9842105263157894,25,39
0.05581040486674588,0.9878682842287695,0.9871545701902213,0.9869599176132465,0.987417929055084,0.9917355371900827,1.0,0.984251968503937,0.9736842105263158,nan,nan,nan,nan,nan,nan,7,39
0.006162701749796422,0.9982486865148862,0.998307680082812,0.9982905982905983,0.9983333333333334,nan,nan,nan,nan,0.995,1.0,1.0,nan,nan,nan,16,39
0.031412336391642585,0.9895287958115183,0.9894997781941505,0.989482009720751,0.9895265228598561,nan,nan,nan,nan,nan,nan,nan,0.9897435897435898,0.9947089947089947,0.9841269841269841,29,39
0.04522396631311191,0.9893617021276596,0.9891820565987436,0.9891778057269881,0.9891952341820027,nan,nan,nan,nan,0.9948717948717949,0.9832402234636871,0.9894736842105263,nan,nan,nan,12,39
0.04704418988441754,0.9810017271157168,0.9801975394730923,0.9802603383782504,0.980284422987488,0.9743589743589743,0.99375,0.9858156028368794,0.9672131147540983,nan,nan,nan,nan,nan,nan,0,39
0.04842095407527975,0.9861111111111112,0.9853793760088634,0.9852469874883394,0.9855361622174801,1.0,0.9941176470588236,0.9699248120300752,0.9781021897810219,nan,nan,nan,nan,nan,nan,3,39
0.040296871181150586,0.9787985865724381,0.9787823500246655,0.9791355525566052,0.9785523546736439,nan,nan,nan,nan,nan,nan,nan,0.9800995024875622,0.9712643678160919,0.9842931937172775,28,39
0.053113888048553944,0.9894736842105263,0.9891530302439578,0.9893636121808301,0.9889521759103177,nan,nan,nan,nan,0.9952380952380953,0.9819277108433735,0.9896907216494846,nan,nan,nan,14,39
0.0305752860227181,0.9858906525573192,0.9859831828794093,0.9860628392567059,0.9860186267799769,nan,nan,nan,nan,nan,nan,nan,0.9949238578680203,0.9943820224719101,0.96875,21,39
0.03057748774315567,0.993006993006993,0.9932577687494123,0.9931254290477591,0.9934959349593496,nan,nan,nan,nan,nan,nan,nan,0.9804878048780488,1.0,1.0,24,39
0.09274107271197576,0.9826689774696707,0.9825337747738346,0.9827594773647406,0.9824866708669525,0.9929577464788732,1.0,0.974025974025974,0.9629629629629629,nan,nan,nan,nan,nan,nan,1,39
0.013789026872574241,0.9964726631393298,0.9964710824814452,0.996415770609319,0.9965635738831615,nan,nan,nan,nan,1.0,0.9896907216494846,1.0,nan,nan,nan,17,39
0.04881310101336567,0.9842657342657343,0.9844056749406743,0.9845082285249221,0.9846054158414875,nan,nan,nan,nan,0.9887005649717514,0.9702970297029703,0.9948186528497409,nan,nan,nan,15,39
0.06474980681094974,0.9842381786339754,0.984362566626719,0.9841208284420593,0.9847137556659398,nan,nan,nan,nan,0.9707317073170731,0.9887005649717514,0.9947089947089947,nan,nan,nan,10,39
0.06947774726531382,0.9810671256454389,0.9809327456637413,0.9802039007092198,0.9818821435125109,1.0,0.9826589595375722,0.9795918367346939,0.9652777777777778,nan,nan,nan,nan,nan,nan,2,39
0.0634756252552001,0.982363315696649,0.9821993775458063,0.9823625981900214,0.9825088611496379,nan,nan,nan,nan,nan,nan,nan,0.9951456310679612,1.0,0.9523809523809523,22,39
0.06273108141289817,0.9877408056042032,0.987750680517749,0.9877462754107492,0.9878186045425315,nan,nan,nan,nan,nan,nan,nan,0.9946524064171123,0.9895287958115183,0.9792746113989638,26,39
0.03678007501562924,0.9879310344827587,0.9878069924823655,0.9878101709908766,0.9879569317518958,0.9928057553956835,1.0,0.9928057553956835,0.9662162162162162,nan,nan,nan,nan,nan,nan,5,39
0.05477480852520481,0.9876106194690265,0.9876333176628105,0.9876209224948721,0.9877118008696956,nan,nan,nan,nan,0.9944444444444445,0.9789473684210527,0.9897435897435898,nan,nan,nan,11,39
0.09918634673888511,0.9827288428324698,0.9812945085398718,0.9832775450931579,0.9801821558400505,0.9932432432432432,0.9941520467836257,0.9333333333333333,1.0,nan,nan,nan,nan,nan,nan,4,39
0.05141108967512764,0.9912280701754386,0.9911204269038016,0.9912378491448259,0.99103215329448,nan,nan,nan,nan,nan,nan,nan,0.9953271028037384,0.9942528735632183,0.9835164835164835,27,39
0.059138091284593325,0.9912280701754386,0.9910061347450955,0.9911367037103888,0.9908850970611135,nan,nan,nan,nan,0.9948717948717949,0.9827586206896551,0.9950248756218906,nan,nan,nan,19,39
0.04241331594352636,0.9894736842105263,0.9895228061186382,0.990066396929142,0.9891758241758243,nan,nan,nan,nan,nan,nan,nan,0.9725274725274725,1.0,0.995,20,39
0.06780754572300314,0.9896013864818024,0.9895432861699116,0.9892626528959254,0.9898558365691535,1.0,0.9927536231884058,0.9817073170731707,0.9849624060150376,nan,nan,nan,nan,nan,nan,6,39
0.0472108469876172,0.9879310344827587,0.9874341919473477,0.9874341919473477,0.9874341919473477,1.0,0.9929078014184397,0.9770992366412213,0.9797297297297297,nan,nan,nan,nan,nan,nan,9,39
0.05714546276996973,0.9858906525573192,0.9855970389173262,0.9853264344807591,0.9861817434632969,nan,nan,nan,nan,nan,nan,nan,0.9902912621359223,1.0,0.9682539682539683,22,40
0.029102593227435136,0.9912587412587412,0.991619569916289,0.9915385741472699,0.991869918699187,nan,nan,nan,nan,nan,nan,nan,0.975609756097561,1.0,1.0,24,40
0.033848598728725754,0.9896551724137931,0.9896149420477596,0.9896432903037767,0.989646120941085,0.9928057553956835,1.0,0.9928057553956835,0.972972972972973,nan,nan,nan,nan,nan,nan,5,40
0.0317745387878353,0.9893048128342246,0.9891694623277111,0.9891734645162629,0.989173628711787,nan,nan,nan,nan,0.9850746268656716,0.9874213836477987,0.9950248756218906,nan,nan,nan,18,40
0.04600049116886061,0.9861111111111112,0.9853793760088634,0.9852469874883394,0.9855361622174801,1.0,0.9941176470588236,0.9699248120300752,0.9781021897810219,nan,nan,nan,nan,nan,nan,3,40
0.05832438115289228,0.9859649122807017,0.9853897492835569,0.9850403748599624,0.9857775727357145,nan,nan,nan,nan,0.9857142857142858,0.9819277108433735,0.9896907216494846,nan,nan,nan,14,40
0.059069121662307426,0.9823321554770318,0.9823190483008487,0.9824555899182764,0.9823873873873873,nan,nan,nan,nan,nan,nan,nan,0.985,1.0,0.9621621621621622,23,40
0.06829308865332295,0.9896013864818024,0.9895432861699116,0.9892626528959254,0.9898558365691535,1.0,0.9927536231884058,0.9817073170731707,0.9849624060150376,nan,nan,nan,nan,nan,nan,6,40
0.05008506374757809,0.9810017271157168,0.9801975394730923,0.9802603383782504,0.980284422987488,0.9743589743589743,0.99375,0.9858156028368794,0.9672131147540983,nan,nan,nan,nan,nan,nan,0,40
0.06435744038683172,0.9859894921190894,0.9860633866564186,0.985846090344666,0.9863397719261023,nan,nan,nan,nan,0.975609756097561,0.9887005649717514,0.9947089947089947,nan,nan,nan,10,40
0.014675818240145114,0.9947089947089947,0.9947300455720663,0.994688654892566,0.9947999054528264,nan,nan,nan,nan,0.9947089947089947,0.9896907216494846,1.0,nan,nan,nan,17,40
0.06707038703581547,0.9845094664371773,0.9847934166507548,0.9844264543372029,0.985318934895731,1.0,0.9826589595375722,0.9863945578231292,0.9722222222222222,nan,nan,nan,nan,nan,nan,2,40
0.057450775438660964,0.9912434325744308,0.9912318261958069,0.9912184976329712,0.9912728359760375,nan,nan,nan,nan,nan,nan,nan,0.9946524064171123,0.9895287958115183,0.9896373056994818,26,40
0.0389204066984045,0.9823321554770318,0.9821566212344613,0.9825152908891471,0.9818691042590503,nan,nan,nan,nan,nan,nan,nan,0.9900497512437811,0.9712643678160919,0.9842931937172775,28,40
0.049974137548512466,0.9876106194690265,0.9876333176628105,0.9876209224948721,0.9877118008696956,nan,nan,nan,nan,0.9944444444444445,0.9789473684210527,0.9897435897435898,nan,nan,nan,11,40
0.08930964675193154,0.9826689774696707,0.9825337747738346,0.9827594773647406,0.9824866708669525,0.9929577464788732,1.0,0.974025974025974,0.9629629629629629,nan,nan,nan,nan,nan,nan,1,40
0.0060310171831285215,0.9982486865148862,0.998307680082812,0.9982905982905983,0.9983333333333334,nan,nan,nan,nan,0.995,1.0,1.0,nan,nan,nan,16,40
0.043043344408943085,0.9894736842105263,0.9895238971531023,0.9897734741107346,0.9893406593406594,nan,nan,nan,nan,nan,nan,nan,0.978021978021978,1.0,0.99,20,40
0.02263849445605754,0.993006993006993,0.993079188838594,0.9931744784847693,0.992993059572007,nan,nan,nan,nan,nan,nan,nan,0.9945054945054945,0.995,0.9894736842105263,25,40
0.05380242332588144,0.9912280701754386,0.9911204269038016,0.9912378491448259,0.99103215329448,nan,nan,nan,nan,nan,nan,nan,0.9953271028037384,0.9942528735632183,0.9835164835164835,27,40
0.03174906432407928,0.9893617021276596,0.9889493174375593,0.9893764143827005,0.9886512761408279,nan,nan,nan,nan,0.9951690821256038,0.9760479041916168,0.9947368421052631,nan,nan,nan,13,40
0.1005655782962908,0.9827288428324698,0.9812836884071005,0.9833353089932038,0.9801821558400505,0.9932432432432432,0.9941520467836257,0.9333333333333333,1.0,nan,nan,nan,nan,nan,nan,4,40
0.05091032730479119,0.9844827586206897,0.9839659488694479,0.9839836922911458,0.9839719531127684,1.0,0.9858156028368794,0.9770992366412213,0.972972972972973,nan,nan,nan,nan,nan,nan,9,40
0.02914110694931398,0.991304347826087,0.9909130968913578,0.9915674603174603,0.9903350896927358,1.0,1.0,0.9763779527559056,0.9849624060150376,nan,nan,nan,nan,nan,nan,8,40
0.04796337471148754,0.9896013864818024,0.9887003611844541,0.9883755976775956,0.9890626658971892,0.9917355371900827,1.0,0.984251968503937,0.9802631578947368,nan,nan,nan,nan,nan,nan,7,40
0.042823013889662635,0.9893617021276596,0.9891900090362422,0.9891061806347258,0.989303045610014,nan,nan,nan,nan,0.9948717948717949,0.9888268156424581,0.9842105263157894,nan,nan,nan,12,40
0.05988754803987225,0.9912280701754386,0.9910061347450955,0.9911367037103888,0.9908850970611135,nan,nan,nan,nan,0.9948717948717949,0.9827586206896551,0.9950248756218906,nan,nan,nan,19,40
0.03838234877715271,0.9894179894179894,0.9894967135639772,0.9896627971254838,0.9895833333333334,nan,nan,nan,nan,nan,nan,nan,1.0,1.0,0.96875,21,40
0.04933859659003145,0.9842931937172775,0.9842941178505072,0.9844701160490633,0.9842355175688509,nan,nan,nan,nan,nan,nan,nan,0.9897435897435898,0.9947089947089947,0.9682539682539683,29,40
0.0435493577586183,0.9877622377622378,0.987771983195712,0.9877732847706175,0.9879057458744908,nan,nan,nan,nan,0.9887005649717514,0.9801980198019802,0.9948186528497409,nan,nan,nan,15,40
0.04699258510016888,0.9877622377622378,0.9876553755467413,0.9873520894463303,0.988141042083483,nan,nan,nan,nan,1.0,0.9851485148514851,0.9792746113989638,nan,nan,nan,15,41
0.014534150922675812,0.9947089947089947,0.9947300455720663,0.994688654892566,0.9947999054528264,nan,nan,nan,nan,0.9947089947089947,0.9896907216494846,1.0,nan,nan,nan,17,41
0.03191726324287932,0.9893048128342246,0.9891694623277111,0.9891734645162629,0.989173628711787,nan,nan,nan,nan,0.9850746268656716,0.9874213836477987,0.9950248756218906,nan,nan,nan,18,41
0.0357230276030249,0.9895287958115183,0.9894997781941505,0.989482009720751,0.9895265228598561,nan,nan,nan,nan,nan,nan,nan,0.9897435897435898,0.9947089947089947,0.9841269841269841,29,41
0.056328763777552616,0.9841269841269841,0.9839035569882055,0.9835264544121122,0.9845636204859506,nan,nan,nan,nan,nan,nan,nan,0.9854368932038835,1.0,0.9682539682539683,22,41
0.04084122379281854,0.9862068965517241,0.9856094008910877,0.9855709605709606,0.9856611423019577,1.0,0.9858156028368794,0.9770992366412213,0.9797297297297297,nan,nan,nan,nan,nan,nan,9,41
0.055230415851187646,0.9894736842105263,0.9892426686886521,0.9893552092314598,0.9892006514629782,nan,nan,nan,nan,nan,nan,nan,0.9953271028037384,0.9942528735632183,0.978021978021978,27,41
0.06764983229234196,0.9827882960413081,0.9828430067377545,0.982318445202514,0.9835828237846198,1.0,0.9826589595375722,0.9863945578231292,0.9652777777777778,nan,nan,nan,nan,nan,nan,2,41
0.04033839392266398,0.9894736842105263,0.9895685847241985,0.9897744384367515,0.9893991115267711,nan,nan,nan,nan,nan,nan,nan,0.9835164835164835,0.9946808510638298,0.99,20,41
0.05195427636663731,0.9861111111111112,0.9853793760088634,0.9852469874883394,0.9855361622174801,1.0,0.9941176470588236,0.9699248120300752,0.9781021897810219,nan,nan,nan,nan,nan,nan,3,41
0.02741118605404659,0.9912587412587412,0.991619569916289,0.9915385741472699,0.991869918699187,nan,nan,nan,nan,nan,nan,nan,0.975609756097561,1.0,1.0,24,41
0.0683501919088485,0.9896013864818024,0.9895432861699116,0.9892626528959254,0.9898558365691535,1.0,0.9927536231884058,0.9817073170731707,0.9849624060150376,nan,nan,nan,nan,nan,nan,6,41
0.00620612512870543,0.9982486865148862,0.998307680082812,0.9982905982905983,0.9983333333333334,nan,nan,nan,nan,0.995,1.0,1.0,nan,nan,nan,16,41
0.049919043448527295,0.9876106194690265,0.9876333176628105,0.9876209224948721,0.9877118008696956,nan,nan,nan,nan,0.9944444444444445,0.9789473684210527,0.9897435897435898,nan,nan,nan,11,41
0.02706501011925866,0.9895104895104895,0.989662292482992,0.9897617177271537,0.989572006940428,nan,nan,nan,nan,nan,nan,nan,0.9945054945054945,0.99,0.9842105263157894,25,41
0.041717810500693356,0.9893617021276596,0.9891900090362422,0.9891061806347258,0.989303045610014,nan,nan,nan,nan,0.9948717948717949,0.9888268156424581,0.9842105263157894,nan,nan,nan,12,41
0.1341419642766069,0.9758203799654577,0.9738164285392514,0.9769617865369179,0.9724701675359569,0.9932432432432432,0.9883040935672515,0.9083333333333333,1.0,nan,nan,nan,nan,nan,nan,4,41
0.04690228094667466,0.9878682842287695,0.9871545701902213,0.9869599176132465,0.987417929055084,0.9917355371900827,1.0,0.984251968503937,0.9736842105263158,nan,nan,nan,nan,nan,nan,7,41
0.05978593817462752,0.9912280701754386,0.9910061347450955,0.9911367037103888,0.9908850970611135,nan,nan,nan,nan,0.9948717948717949,0.9827586206896551,0.9950248756218906,nan,nan,nan,19,41
0.02961182788399846,0.9913793103448276,0.991288756217166,0.9912794905196121,0.9913353101302742,0.9928057553956835,1.0,0.9928057553956835,0.9797297297297297,nan,nan,nan,nan,nan,nan,5,41
0.035240973096935906,0.9858657243816255,0.9859629777413511,0.9861784282587545,0.9857873477889484,nan,nan,nan,nan,nan,nan,nan,0.9850746268656716,0.9827586206896551,0.9895287958115183,28,41
0.06528300798436248,0.9859894921190894,0.9860633866564186,0.985846090344666,0.9863397719261023,nan,nan,nan,nan,0.975609756097561,0.9887005649717514,0.9947089947089947,nan,nan,nan,10,41
0.0604366207528402,0.9826086956521739,0.9815825253290613,0.9826069755780646,0.9808477887632467,1.0,1.0,0.968503937007874,0.9548872180451128,nan,nan,nan,nan,nan,nan,8,41
0.05709867811391531,0.9912434325744308,0.9912318261958069,0.9912184976329712,0.9912728359760375,nan,nan,nan,nan,nan,nan,nan,0.9946524064171123,0.9895287958115183,0.9896373056994818,26,41
0.0592487216781592,0.9823321554770318,0.9823190483008487,0.9824555899182764,0.9823873873873873,nan,nan,nan,nan,nan,nan,nan,0.985,1.0,0.9621621621621622,23,41
0.09339510666572287,0.9809358752166378,0.9808765000680345,0.9811022475353308,0.9807743420998292,0.9929577464788732,0.9931506849315068,0.974025974025974,0.9629629629629629,nan,nan,nan,nan,nan,nan,1,41
0.057556077862601446,0.9859649122807017,0.9855117576047808,0.9853871334557631,0.9856466612645969,nan,nan,nan,nan,0.9904761904761905,0.9819277108433735,0.9845360824742269,nan,nan,nan,14,41
0.04435752063495544,0.9844559585492227,0.9837026026280263,0.9835485268374612,0.9839361674179209,0.9807692307692307,0.99375,0.9858156028368794,0.9754098360655737,nan,nan,nan,nan,nan,nan,0,41
0.030872766855281952,0.9893617021276596,0.9889493174375593,0.9893764143827005,0.9886512761408279,nan,nan,nan,nan,0.9951690821256038,0.9760479041916168,0.9947368421052631,nan,nan,nan,13,41
0.04377257433897183,0.9858906525573192,0.9860001459657601,0.9861832641580311,0.9861551748448956,nan,nan,nan,nan,nan,nan,nan,0.9949238578680203,1.0,0.9635416666666666,21,41
0.04767876932371445,0.9878682842287695,0.9871779916238953,0.9867310060661166,0.987650236518658,0.9917355371900827,0.9943502824858758,0.984251968503937,0.9802631578947368,nan,nan,nan,nan,nan,nan,7,42
0.06661743215692552,0.9896013864818024,0.9895432861699116,0.9892626528959254,0.9898558365691535,1.0,0.9927536231884058,0.9817073170731707,0.9849624060150376,nan,nan,nan,nan,nan,nan,6,42
0.018721402883279045,0.9947552447552448,0.9948677119865245,0.9949195819842586,0.9948245614035088,nan,nan,nan,nan,nan,nan,nan,1.0,0.995,0.9894736842105263,25,42
0.03151855011909296,0.9858906525573192,0.9859670963902131,0.986232665436304,0.9859745630461921,nan,nan,nan,nan,nan,nan,nan,1.0,0.9943820224719101,0.9635416666666666,21,42
0.005501504497462722,0.9982486865148862,0.998307680082812,0.9982905982905983,0.9983333333333334,nan,nan,nan,nan,0.995,1.0,1.0,nan,nan,nan,16,42
0.05027974120973669,0.9894736842105263,0.9894280374618664,0.9893919701406664,0.9894745208957262,nan,nan,nan,nan,nan,nan,nan,0.9906542056074766,0.9942528735632183,0.9835164835164835,27,42
0.05794016826985171,0.9859649122807017,0.9855117576047808,0.9853871334557631,0.9856466612645969,nan,nan,nan,nan,0.9904761904761905,0.9819277108433735,0.9845360824742269,nan,nan,nan,14,42
0.05588652336963504,0.989492119089317,0.9894912770908371,0.9894733926147539,0.9895457202592844,nan,nan,nan,nan,nan,nan,nan,0.9946524064171123,0.9895287958115183,0.9844559585492227,26,42
0.02948381359864369,0.9893617021276596,0.9889493174375593,0.9893764143827005,0.9886512761408279,nan,nan,nan,nan,0.9951690821256038,0.9760479041916168,0.9947368421052631,nan,nan,nan,13,42
0.06449237017558415,0.9859894921190894,0.9860633866564186,0.985846090344666,0.9863397719261023,nan,nan,nan,nan,0.975609756097561,0.9887005649717514,0.9947089947089947,nan,nan,nan,10,42
0.046739525873110525,0.9893805309734514,0.9894076898634573,0.9894580854214223,0.9894212025790973,nan,nan,nan,nan,0.9944444444444445,0.9789473684210527,0.9948717948717949,nan,nan,nan,11,42
0.013747041666167407,0.9964726631393298,0.9964710824814452,0.996415770609319,0.9965635738831615,nan,nan,nan,nan,1.0,0.9896907216494846,1.0,nan,nan,nan,17,42
0.05971932175452821,0.986013986013986,0.9859635350721702,0.9856341575091575,0.9864908770669812,nan,nan,nan,nan,1.0,0.9801980198019802,0.9792746113989638,nan,nan,nan,15,42
0.05051855202194449,0.9893617021276596,0.9891900090362422,0.9891061806347258,0.989303045610014,nan,nan,nan,nan,0.9948717948717949,0.9888268156424581,0.9842105263157894,nan,nan,nan,12,42
0.03213335370527501,0.9893048128342246,0.9891694623277111,0.9891734645162629,0.989173628711787,nan,nan,nan,nan,0.9850746268656716,0.9874213836477987,0.9950248756218906,nan,nan,nan,18,42
0.04328794125245218,0.9929824561403509,0.9930289940141342,0.99328583652016,0.9928388278388279,nan,nan,nan,nan,nan,nan,nan,0.9835164835164835,1.0,0.995,20,42
0.09022503437125506,0.9844020797227037,0.9842207021015273,0.9844176031841595,0.9842472342472341,1.0,1.0,0.974025974025974,0.9629629629629629,nan,nan,nan,nan,nan,nan,1,42
0.045370719646750025,0.9861111111111112,0.9853793760088634,0.9852469874883394,0.9855361622174801,1.0,0.9941176470588236,0.9699248120300752,0.9781021897810219,nan,nan,nan,nan,nan,nan,3,42
0.026172157922903554,0.9912587412587412,0.991619569916289,0.9915385741472699,0.991869918699187,nan,nan,nan,nan,nan,nan,nan,0.975609756097561,1.0,1.0,24,42
0.03267235284955758,0.9823321554770318,0.9822835563307432,0.9822600935292013,0.982383772298165,nan,nan,nan,nan,nan,nan,nan,0.9800995024875622,0.9827586206896551,0.9842931937172775,28,42
0.05885237739453765,0.9823321554770318,0.9823190483008487,0.9824555899182764,0.9823873873873873,nan,nan,nan,nan,nan,nan,nan,0.985,1.0,0.9621621621621622,23,42
0.1285924429663091,0.9827288428324698,0.9811715161976986,0.9832101396698711,0.9801821558400505,0.9932432432432432,0.9941520467836257,0.9333333333333333,1.0,nan,nan,nan,nan,nan,nan,4,42
0.04651111573340179,0.9862068965517241,0.9856094008910877,0.9855709605709606,0.9856611423019577,1.0,0.9858156028368794,0.9770992366412213,0.9797297297297297,nan,nan,nan,nan,nan,nan,9,42
0.06837306038225602,0.9827882960413081,0.9828430067377545,0.982318445202514,0.9835828237846198,1.0,0.9826589595375722,0.9863945578231292,0.9652777777777778,nan,nan,nan,nan,nan,nan,2,42
0.07503943510406923,0.9805996472663139,0.9802979943798951,0.9808651507890019,0.980599647266314,nan,nan,nan,nan,nan,nan,nan,1.0,1.0,0.9417989417989417,22,42
0.03646961108016614,0.987783595113438,0.9877532757152018,0.9877805320983639,0.987762854429521,nan,nan,nan,nan,nan,nan,nan,0.9897435897435898,0.9947089947089947,0.9788359788359788,29,42
0.045119312407917424,0.9844559585492227,0.9836566793643791,0.9839766061233453,0.9834494870900522,0.9807692307692307,1.0,0.9858156028368794,0.9672131147540983,nan,nan,nan,nan,nan,nan,0,42
0.058177799531904384,0.9912280701754386,0.9910061347450955,0.9911367037103888,0.9908850970611135,nan,nan,nan,nan,0.9948717948717949,0.9827586206896551,0.9950248756218906,nan,nan,nan,19,42
0.02856206409018114,0.991304347826087,0.9909130968913578,0.9915674603174603,0.9903350896927358,1.0,1.0,0.9763779527559056,0.9849624060150376,nan,nan,nan,nan,nan,nan,8,42
0.04573883560193568,0.9896551724137931,0.9895720355308283,0.9894557823129252,0.9897119335068976,0.9928057553956835,0.9935064935064936,0.9928057553956835,0.9797297297297297,nan,nan,nan,nan,nan,nan,5,42
0.12377961056261866,0.9827288428324698,0.9812836884071005,0.9833353089932038,0.9801821558400505,0.9932432432432432,0.9941520467836257,0.9333333333333333,1.0,nan,nan,nan,nan,nan,nan,4,43
0.048374981621842984,0.9858657243816255,0.9859307452591196,0.985801534188631,0.986086307301777,nan,nan,nan,nan,nan,nan,nan,0.98,0.994475138121547,0.9837837837837838,23,43
0.03180507457970331,0.9858657243816255,0.9858182536939144,0.9862791324545493,0.9854431878640139,nan,nan,nan,nan,nan,nan,nan,0.9950248756218906,0.9770114942528736,0.9842931937172775,28,43
0.04138049144397595,0.9879101899827288,0.9870033114598789,0.9873962840588684,0.9866546152951804,0.9935897435897436,1.0,0.9858156028368794,0.9672131147540983,nan,nan,nan,nan,nan,nan,0,43
0.026740804256304627,0.9895104895104895,0.989662292482992,0.9897617177271537,0.989572006940428,nan,nan,nan,nan,nan,nan,nan,0.9945054945054945,0.99,0.9842105263157894,25,43
0.02286922628242236,0.991304347826087,0.9909130968913578,0.9915674603174603,0.9903350896927358,1.0,1.0,0.9763779527559056,0.9849624060150376,nan,nan,nan,nan,nan,nan,8,43
0.009929721236479358,0.9982486865148862,0.998307680082812,0.9982905982905983,0.9983333333333334,nan,nan,nan,nan,0.995,1.0,1.0,nan,nan,nan,16,43
0.05276983605957892,0.9912280701754386,0.9911204269038016,0.9912378491448259,0.99103215329448,nan,nan,nan,nan,nan,nan,nan,0.9953271028037384,0.9942528735632183,0.9835164835164835,27,43
0.05587513757442745,0.9859649122807017,0.9854207184947028,0.985625197102209,0.9852259307233845,nan,nan,nan,nan,0.9952380952380953,0.9759036144578314,0.9845360824742269,nan,nan,nan,14,43
0.06035119813693907,0.9912434325744308,0.9912318261958069,0.9912184976329712,0.9912728359760375,nan,nan,nan,nan,nan,nan,nan,0.9946524064171123,0.9895287958115183,0.9896373056994818,26,43
0.06423826421036614,0.9859894921190894,0.9860633866564186,0.985846090344666,0.9863397719261023,nan,nan,nan,nan,0.975609756097561,0.9887005649717514,0.9947089947089947,nan,nan,nan,10,43
0.05101179162415469,0.9893805309734514,0.9894076898634573,0.9894580854214223,0.9894212025790973,nan,nan,nan,nan,0.9944444444444445,0.9789473684210527,0.9948717948717949,nan,nan,nan,11,43
0.0397933076876345,0.9912280701754386,0.9912763094730067,0.9914093553397035,0.9911721611721612,nan,nan,nan,nan,nan,nan,nan,0.9835164835164835,1.0,0.99,20,43
0.06723331067103357,0.9896013864818024,0.9895432861699116,0.9892626528959254,0.9898558365691535,1.0,0.9927536231884058,0.9817073170731707,0.9849624060150376,nan,nan,nan,nan,nan,nan,6,43
0.031756707563696786,0.9893048128342246,0.9891694623277111,0.9891734645162629,0.989173628711787,nan,nan,nan,nan,0.9850746268656716,0.9874213836477987,0.9950248756218906,nan,nan,nan,18,43
0.0481871623419226,0.9896013864818024,0.9887003611844541,0.9883755976775956,0.9890626658971892,0.9917355371900827,1.0,0.984251968503937,0.9802631578947368,nan,nan,nan,nan,nan,nan,7,43
0.08247167283537381,0.9741379310344828,0.9735985208762109,0.9748048897667219,0.9736778145051526,1.0,1.0,0.935251798561151,0.9594594594594594,nan,nan,nan,nan,nan,nan,5,43
0.0755963714608596,0.982363315696649,0.9820226150660933,0.982414838594614,0.982363315696649,nan,nan,nan,nan,nan,nan,nan,1.0,1.0,0.9470899470899471,22,43
0.03980874011035161,0.9877622377622378,0.987771983195712,0.9877732847706175,0.9879057458744908,nan,nan,nan,nan,0.9887005649717514,0.9801980198019802,0.9948186528497409,nan,nan,nan,15,43
0.046066639781164063,0.9861111111111112,0.9853793760088634,0.9852469874883394,0.9855361622174801,1.0,0.9941176470588236,0.9699248120300752,0.9781021897810219,nan,nan,nan,nan,nan,nan,3,43
0.061951290461719405,0.9912280701754386,0.9910061347450955,0.9911367037103888,0.9908850970611135,nan,nan,nan,nan,0.9948717948717949,0.9827586206896551,0.9950248756218906,nan,nan,nan,19,43
0.013909255897134345,0.9964726631393298,0.9964710824814452,0.996415770609319,0.9965635738831615,nan,nan,nan,nan,1.0,0.9896907216494846,1.0,nan,nan,nan,17,43
0.031164826920303312,0.9858906525573192,0.9859209000706955,0.9859952465834819,0.9860186267799769,nan,nan,nan,nan,nan,nan,nan,0.9949238578680203,0.9943820224719101,0.96875,21,43
0.03039116244680271,0.9893617021276596,0.9889493174375593,0.9893764143827005,0.9886512761408279,nan,nan,nan,nan,0.9951690821256038,0.9760479041916168,0.9947368421052631,nan,nan,nan,13,43
0.0699499339895235,0.9827882960413081,0.98264734211518,0.9818396114944702,0.9836182546236221,1.0,0.9826589595375722,0.9795918367346939,0.9722222222222222,nan,nan,nan,nan,nan,nan,2,43
0.02032693999879282,0.993006993006993,0.9932577687494123,0.9931254290477591,0.9934959349593496,nan,nan,nan,nan,nan,nan,nan,0.9804878048780488,1.0,1.0,24,43
0.03603020986500067,0.9895287958115183,0.9894997781941505,0.989482009720751,0.9895265228598561,nan,nan,nan,nan,nan,nan,nan,0.9897435897435898,0.9947089947089947,0.9841269841269841,29,43
0.047082861235115785,0.9862068965517241,0.9857907399257079,0.9858469236675329,0.9857450027581585,1.0,0.9929078014184397,0.9770992366412213,0.972972972972973,nan,nan,nan,nan,nan,nan,9,43
0.08746224352022948,0.9826689774696707,0.9825337747738346,0.9827594773647406,0.9824866708669525,0.9929577464788732,1.0,0.974025974025974,0.9629629629629629,nan,nan,nan,nan,nan,nan,1,43
0.04992879596070073,0.9911347517730497,0.9909989599393735,0.9909009430286027,0.9911652430029377,nan,nan,nan,nan,0.9948717948717949,0.994413407821229,0.9842105263157894,nan,nan,nan,12,43
0.07396860607791735,0.9792746113989638,0.9787151598211051,0.9791991821925303,0.978340887799272,0.9807692307692307,0.99375,0.9716312056737588,0.9672131147540983,nan,nan,nan,nan,nan,nan,0,44
0.06552226405561239,0.9896013864818024,0.9895432861699116,0.9892626528959254,0.9898558365691535,1.0,0.9927536231884058,0.9817073170731707,0.9849624060150376,nan,nan,nan,nan,nan,nan,6,44
0.053399892510753943,0.9861111111111112,0.9853793760088634,0.9852469874883394,0.9855361622174801,1.0,0.9941176470588236,0.9699248120300752,0.9781021897810219,nan,nan,nan,nan,nan,nan,3,44
0.01448284671836417,0.9964726631393298,0.9964710824814452,0.996415770609319,0.9965635738831615,nan,nan,nan,nan,1.0,0.9896907216494846,1.0,nan,nan,nan,17,44
0.034273426964419845,0.9912739965095986,0.9912312093733257,0.9912357270699936,0.9912359245692578,nan,nan,nan,nan,nan,nan,nan,0.9948717948717949,0.9947089947089947,0.9841269841269841,29,44
0.05658123035067951,0.980565371024735,0.9806039297037046,0.9811292772697525,0.980210729466347,nan,nan,nan,nan,nan,nan,nan,0.9850746268656716,0.9712643678160919,0.9842931937172775,28,44
0.005412525793354285,0.9982486865148862,0.998307680082812,0.9982905982905983,0.9983333333333334,nan,nan,nan,nan,0.995,1.0,1.0,nan,nan,nan,16,44
0.05986981783159232,0.9893805309734514,0.9893692989127002,0.9894293523735148,0.9894212025790973,nan,nan,nan,nan,0.9944444444444445,0.9789473684210527,0.9948717948717949,nan,nan,nan,11,44
0.020023157021948162,0.993006993006993,0.9930656555441625,0.9930887071444313,0.9930701754385964,nan,nan,nan,nan,nan,nan,nan,1.0,0.995,0.9842105263157894,25,44
0.03945494540554743,0.9895104895104895,0.9895652751125432,0.9894519605595047,0.9897889850458657,nan,nan,nan,nan,0.9943502824858758,0.9801980198019802,0.9948186528497409,nan,nan,nan,15,44
0.01833895462409095,0.993006993006993,0.9932577687494123,0.9931254290477591,0.9934959349593496,nan,nan,nan,nan,nan,nan,nan,0.9804878048780488,1.0,1.0,24,44
0.09519726199616678,0.9861830742659758,0.9850698555950326,0.9864060489060489,0.9843488225067172,0.9932432432432432,0.9941520467836257,0.95,1.0,nan,nan,nan,nan,nan,nan,4,44
0.05232376172536293,0.9929078014184397,0.9928008758397212,0.9927114696912117,0.99291962896785,nan,nan,nan,nan,0.9948717948717949,0.994413407821229,0.9894736842105263,nan,nan,nan,12,44
0.052835378386945644,0.9912280701754386,0.9911204269038016,0.9912378491448259,0.99103215329448,nan,nan,nan,nan,nan,nan,nan,0.9953271028037384,0.9942528735632183,0.9835164835164835,27,44
0.06125136243235829,0.9912280701754386,0.9910061347450955,0.9911367037103888,0.9908850970611135,nan,nan,nan,nan,0.9948717948717949,0.9827586206896551,0.9950248756218906,nan,nan,nan,19,44
0.06790554643930591,0.9845094664371773,0.9845577558739096,0.9839438592338344,0.985318934895731,1.0,0.9826589595375722,0.9863945578231292,0.9722222222222222,nan,nan,nan,nan,nan,nan,2,44
0.031669443525156805,0.9913793103448276,0.991288756217166,0.9912794905196121,0.9913353101302742,0.9928057553956835,1.0,0.9928057553956835,0.9797297297297297,nan,nan,nan,nan,nan,nan,5,44
0.047028521438429984,0.9894736842105263,0.9895228061186382,0.990066396929142,0.9891758241758243,nan,nan,nan,nan,nan,nan,nan,0.9725274725274725,1.0,0.995,20,44
0.06557679081106471,0.9859894921190894,0.9860633866564186,0.985846090344666,0.9863397719261023,nan,nan,nan,nan,0.975609756097561,0.9887005649717514,0.9947089947089947,nan,nan,nan,10,44
0.027989843129944347,0.9858906525573192,0.9859670963902131,0.986232665436304,0.9859745630461921,nan,nan,nan,nan,nan,nan,nan,1.0,0.9943820224719101,0.9635416666666666,21,44
0.12070248419159295,0.9688041594454073,0.9688846624147178,0.9689986012799794,0.969636336537745,0.9647887323943662,1.0,0.9285714285714286,0.9851851851851852,nan,nan,nan,nan,nan,nan,1,44
0.04760977812111378,0.9840989399293286,0.984179497355223,0.9841231743381953,0.9842446866756259,nan,nan,nan,nan,nan,nan,nan,0.98,0.988950276243094,0.9837837837837838,23,44
0.07190529438291075,0.9841269841269841,0.9837459944306843,0.983979355948605,0.9841269841269842,nan,nan,nan,nan,nan,nan,nan,1.0,1.0,0.9523809523809523,22,44
0.048445596537643916,0.9896013864818024,0.9887003611844541,0.9883755976775956,0.9890626658971892,0.9917355371900827,1.0,0.984251968503937,0.9802631578947368,nan,nan,nan,nan,nan,nan,7,44
0.2717964594355888,0.9299474605954466,0.9297067912499696,0.9401763668430335,0.93084303140457,nan,nan,nan,nan,nan,nan,nan,1.0,0.9790575916230366,0.8134715025906736,26,44
0.056514566647415956,0.987719298245614,0.9872939744887349,0.9873621145190244,0.9872339628518985,nan,nan,nan,nan,0.9952380952380953,0.9819277108433735,0.9845360824742269,nan,nan,nan,14,44
0.04876879674556044,0.9896551724137931,0.9892597681756327,0.9893257152059969,0.9892072415927378,1.0,1.0,0.9770992366412213,0.9797297297297297,nan,nan,nan,nan,nan,nan,9,44
0.03124591578853142,0.9875222816399287,0.9873023140407947,0.9870999170812604,0.9875152539190838,nan,nan,nan,nan,0.9850746268656716,0.9874213836477987,0.9900497512437811,nan,nan,nan,18,44
0.02937429255688231,0.991304347826087,0.9909130968913578,0.9915674603174603,0.9903350896927358,1.0,1.0,0.9763779527559056,0.9849624060150376,nan,nan,nan,nan,nan,nan,8,44
0.031070477420952456,0.9893617021276596,0.9889493174375593,0.9893764143827005,0.9886512761408279,nan,nan,nan,nan,0.9951690821256038,0.9760479041916168,0.9947368421052631,nan,nan,nan,13,44
0.02596932116607478,0.9895652173913043,0.9889920264182213,0.9897165143397415,0.9883665857557279,1.0,1.0,0.968503937007874,0.9849624060150376,nan,nan,nan,nan,nan,nan,8,45
0.09923822319130618,0.9844559585492227,0.9831333190554918,0.9847395333972515,0.982265489173384,0.9932432432432432,0.9941520467836257,0.9416666666666667,1.0,nan,nan,nan,nan,nan,nan,4,45
0.05111141780960477,0.987719298245614,0.9871452163184024,0.9872424567913289,0.9870750552529214,nan,nan,nan,nan,0.9904761904761905,0.9759036144578314,0.9948453608247423,nan,nan,nan,14,45
0.0273922223797298,0.9894179894179894,0.9894168299694265,0.9895025555687625,0.9894467852684145,nan,nan,nan,nan,nan,nan,nan,1.0,0.9943820224719101,0.9739583333333334,21,45
0.0644933191263893,0.9859894921190894,0.9860633866564186,0.985846090344666,0.9863397719261023,nan,nan,nan,nan,0.975609756097561,0.9887005649717514,0.9947089947089947,nan,nan,nan,10,45
0.07162966632458129,0.9810671256454389,0.9809327456637413,0.9802039007092198,0.9818821435125109,1.0,0.9826589595375722,0.9795918367346939,0.9652777777777778,nan,nan,nan,nan,nan,nan,2,45
0.044764505181701796,0.9896551724137931,0.9892597681756327,0.9893257152059969,0.9892072415927378,1.0,1.0,0.9770992366412213,0.9797297297297297,nan,nan,nan,nan,nan,nan,9,45
0.04142393241818354,0.9912280701754386,0.9912763094730067,0.9914093553397035,0.9911721611721612,nan,nan,nan,nan,nan,nan,nan,0.9835164835164835,1.0,0.99,20,45
0.02272014878245601,0.9912587412587412,0.991619569916289,0.9915385741472699,0.991869918699187,nan,nan,nan,nan,nan,nan,nan,0.975609756097561,1.0,1.0,24,45
0.10244385400689057,0.9826689774696707,0.9825337747738346,0.9827594773647406,0.9824866708669525,0.9929577464788732,1.0,0.974025974025974,0.9629629629629629,nan,nan,nan,nan,nan,nan,1,45
0.0656857884796409,0.9876543209876543,0.9873248366776107,0.987378675937998,0.9876543209876543,nan,nan,nan,nan,nan,nan,nan,1.0,1.0,0.9629629629629629,22,45
0.037405298009010345,0.9861111111111112,0.985359493215258,0.9852205408576402,0.9855361622174801,1.0,0.9941176470588236,0.9699248120300752,0.9781021897810219,nan,nan,nan,nan,nan,nan,3,45
0.04704565568762417,0.9858657243816255,0.9859390886687986,0.9857710678379372,0.986221442436912,nan,nan,nan,nan,nan,nan,nan,0.975,0.994475138121547,0.9891891891891892,23,45
0.04986660521258333,0.9896013864818024,0.9887003611844541,0.9883755976775956,0.9890626658971892,0.9917355371900827,1.0,0.984251968503937,0.9802631578947368,nan,nan,nan,nan,nan,nan,7,45
0.036729540596752486,0.9895287958115183,0.9894626774246035,0.9894899338077656,0.9894722561389228,nan,nan,nan,nan,nan,nan,nan,0.9948717948717949,0.9947089947089947,0.9788359788359788,29,45
0.05273717835714504,0.989492119089317,0.9894912770908371,0.9894733926147539,0.9895457202592844,nan,nan,nan,nan,nan,nan,nan,0.9946524064171123,0.9895287958115183,0.9844559585492227,26,45
0.03209875010113845,0.9893048128342246,0.9891694623277111,0.9891734645162629,0.989173628711787,nan,nan,nan,nan,0.9850746268656716,0.9874213836477987,0.9950248756218906,nan,nan,nan,18,45
0.04473525108591679,0.9895104895104895,0.9894528352991134,0.9891612952731738,0.989868157800236,nan,nan,nan,nan,1.0,0.9851485148514851,0.9844559585492227,nan,nan,nan,15,45
0.005184896268373349,0.9982486865148862,0.998307680082812,0.9982905982905983,0.9983333333333334,nan,nan,nan,nan,0.995,1.0,1.0,nan,nan,nan,16,45
0.03511032494619334,0.9840989399293286,0.9841259209862215,0.9843021038115078,0.9842157989016224,nan,nan,nan,nan,nan,nan,nan,0.9751243781094527,0.9827586206896551,0.9947643979057592,28,45
0.061171433121469616,0.9912280701754386,0.9910061347450955,0.9911367037103888,0.9908850970611135,nan,nan,nan,nan,0.9948717948717949,0.9827586206896551,0.9950248756218906,nan,nan,nan,19,45
0.013650810875295369,0.9964726631393298,0.9964710824814452,0.996415770609319,0.9965635738831615,nan,nan,nan,nan,1.0,0.9896907216494846,1.0,nan,nan,nan,17,45
0.049957757068316115,0.9912280701754386,0.9912645847529591,0.9912335907668174,0.991306022727228,nan,nan,nan,nan,nan,nan,nan,0.9906542056074766,0.9942528735632183,0.989010989010989,27,45
0.037293767417186006,0.9913644214162349,0.9906093896881765,0.990936902590373,0.9903063597256133,1.0,1.0,0.9858156028368794,0.9754098360655737,nan,nan,nan,nan,nan,nan,0,45
0.05385272525846732,0.9893805309734514,0.9894076898634573,0.9894580854214223,0.9894212025790973,nan,nan,nan,nan,0.9944444444444445,0.9789473684210527,0.9948717948717949,nan,nan,nan,11,45
0.0505283033102128,0.9929078014184397,0.9928008758397212,0.9927114696912117,0.99291962896785,nan,nan,nan,nan,0.9948717948717949,0.994413407821229,0.9894736842105263,nan,nan,nan,12,45
0.040538948807843075,0.9879310344827587,0.9878289049155893,0.9879201857188202,0.9878475597900058,0.9856115107913669,1.0,0.9928057553956835,0.972972972972973,nan,nan,nan,nan,nan,nan,5,45
0.029685598039426015,0.9893617021276596,0.9889493174375593,0.9893764143827005,0.9886512761408279,nan,nan,nan,nan,0.9951690821256038,0.9760479041916168,0.9947368421052631,nan,nan,nan,13,45
0.06785218108254747,0.9896013864818024,0.9895432861699116,0.9892626528959254,0.9898558365691535,1.0,0.9927536231884058,0.9817073170731707,0.9849624060150376,nan,nan,nan,nan,nan,nan,6,45
0.025026478737597953,0.9912587412587412,0.9913558872784666,0.9913178361812242,0.9914035087719298,nan,nan,nan,nan,nan,nan,nan,1.0,0.99,0.9842105263157894,25,45
0.025705956261485124,0.9895652173913043,0.9891487223822597,0.9902137202763005,0.9882777810668404,1.0,1.0,0.9606299212598425,0.9924812030075187,nan,nan,nan,nan,nan,nan,8,46
0.051927602219058774,0.9894736842105263,0.9892426686886521,0.9893552092314598,0.9892006514629782,nan,nan,nan,nan,nan,nan,nan,0.9953271028037384,0.9942528735632183,0.978021978021978,27,46
0.06712455419453459,0.9845094664371773,0.9845577558739096,0.9839438592338344,0.985318934895731,1.0,0.9826589595375722,0.9863945578231292,0.9722222222222222,nan,nan,nan,nan,nan,nan,2,46
0.0292951647961167,0.9893048128342246,0.9891694623277111,0.9891734645162629,0.989173628711787,nan,nan,nan,nan,0.9850746268656716,0.9874213836477987,0.9950248756218906,nan,nan,nan,18,46
0.013299869865610011,0.9964726631393298,0.9964710824814452,0.996415770609319,0.9965635738831615,nan,nan,nan,nan,1.0,0.9896907216494846,1.0,nan,nan,nan,17,46
0.04543932252140075,0.9896551724137931,0.9892597681756327,0.9893257152059969,0.9892072415927378,1.0,1.0,0.9770992366412213,0.9797297297297297,nan,nan,nan,nan,nan,nan,9,46
0.06493421897731524,0.9859894921190894,0.9860633866564186,0.985846090344666,0.9863397719261023,nan,nan,nan,nan,0.975609756097561,0.9887005649717514,0.9947089947089947,nan,nan,nan,10,46
0.0046579650456553484,0.9982486865148862,0.998307680082812,0.9982905982905983,0.9983333333333334,nan,nan,nan,nan,0.995,1.0,1.0,nan,nan,nan,16,46
0.05414400364396796,0.9876106194690265,0.9876333176628105,0.9876209224948721,0.9877118008696956,nan,nan,nan,nan,0.9944444444444445,0.9789473684210527,0.9897435897435898,nan,nan,nan,11,46
0.03655858222878629,0.987783595113438,0.9877637966623317,0.9877462768980009,0.9878171211504544,nan,nan,nan,nan,nan,nan,nan,0.9846153846153847,0.9947089947089947,0.9841269841269841,29,46
0.14537264706620445,0.9775474956822107,0.9757916602823776,0.9786283020457153,0.9745535008692903,0.9932432432432432,0.9883040935672515,0.9166666666666666,1.0,nan,nan,nan,nan,nan,nan,4,46
0.01582534805846889,0.993006993006993,0.9932577687494123,0.9931254290477591,0.9934959349593496,nan,nan,nan,nan,nan,nan,nan,0.9804878048780488,1.0,1.0,24,46
0.061584277229030704,0.9912280701754386,0.9910061347450955,0.9911367037103888,0.9908850970611135,nan,nan,nan,nan,0.9948717948717949,0.9827586206896551,0.9950248756218906,nan,nan,nan,19,46
0.05185575743233154,0.9844020797227037,0.9838278223800104,0.9833815672832484,0.9843607628344475,0.9917355371900827,0.9943502824858758,0.984251968503937,0.9671052631578947,nan,nan,nan,nan,nan,nan,7,46
0.06756856478871971,0.9912434325744308,0.9912318261958069,0.9912184976329712,0.9912728359760375,nan,nan,nan,nan,nan,nan,nan,0.9946524064171123,0.9895287958115183,0.9896373056994818,26,46
0.04261948577144674,0.9861830742659758,0.985329570989639,0.985674628083464,0.9850520511926163,0.9871794871794872,1.0,0.9858156028368794,0.9672131147540983,nan,nan,nan,nan,nan,nan,0,46
0.1252196482188689,0.9629629629629629,0.96350062900609,0.9640188156746708,0.9646231965604284,nan,nan,nan,nan,nan,nan,nan,0.9271844660194175,0.9825581395348837,0.9841269841269841,22,46
0.03930447981302779,0.9895104895104895,0.9895652751125432,0.9894519605595047,0.9897889850458657,nan,nan,nan,nan,0.9943502824858758,0.9801980198019802,0.9948186528497409,nan,nan,nan,15,46
0.027138078743771783,0.9893617021276596,0.9889493174375593,0.9893764143827005,0.9886512761408279,nan,nan,nan,nan,0.9951690821256038,0.9760479041916168,0.9947368421052631,nan,nan,nan,13,46
0.03067448656079503,0.9876543209876543,0.9877714800810441,0.988045471213788,0.9878472222222222,nan,nan,nan,nan,nan,nan,nan,1.0,1.0,0.9635416666666666,21,46
0.0578557450337232,0.9859649122807017,0.9853568421945021,0.9853568421945021,0.9853568421945021,nan,nan,nan,nan,0.9904761904761905,0.9759036144578314,0.9896907216494846,nan,nan,nan,14,46
0.06362855087499347,0.9896013864818024,0.9895432861699116,0.9892626528959254,0.9898558365691535,1.0,0.9927536231884058,0.9817073170731707,0.9849624060150376,nan,nan,nan,nan,nan,nan,6,46
0.09946532397862029,0.9826689774696707,0.9825337747738346,0.9827594773647406,0.9824866708669525,0.9929577464788732,1.0,0.974025974025974,0.9629629629629629,nan,nan,nan,nan,nan,nan,1,46
0.020305249008414548,0.993006993006993,0.9930656555441625,0.9930887071444313,0.9930701754385964,nan,nan,nan,nan,nan,nan,nan,1.0,0.995,0.9842105263157894,25,46
0.03757047020913935,0.9896551724137931,0.9896149420477596,0.9896432903037767,0.989646120941085,0.9928057553956835,1.0,0.9928057553956835,0.972972972972973,nan,nan,nan,nan,nan,nan,5,46
0.03761653145971246,0.9929824561403509,0.9930276724320611,0.9930613776101804,0.993003663003663,nan,nan,nan,nan,nan,nan,nan,0.989010989010989,1.0,0.99,20,46
0.0505232807675687,0.9858657243816255,0.9859313959520986,0.9861127054734459,0.9857762182071573,nan,nan,nan,nan,nan,nan,nan,0.99,0.988950276243094,0.9783783783783784,23,46
0.09936524043344737,0.9752650176678446,0.9751639906683134,0.9752402538685123,0.9751487791828604,nan,nan,nan,nan,nan,nan,nan,0.9751243781094527,0.9712643678160919,0.9790575916230366,28,46
0.04973046423465474,0.9878472222222222,0.9872298480181592,0.9872021136698954,0.987347561959859,0.9926470588235294,0.9941176470588236,0.9699248120300752,0.9927007299270073,nan,nan,nan,nan,nan,nan,3,46
0.047972728082776764,0.9929078014184397,0.9928008758397212,0.9927114696912117,0.99291962896785,nan,nan,nan,nan,0.9948717948717949,0.994413407821229,0.9894736842105263,nan,nan,nan,12,46
0.0596861842616363,0.9912280701754386,0.9910061347450955,0.9911367037103888,0.9908850970611135,nan,nan,nan,nan,0.9948717948717949,0.9827586206896551,0.9950248756218906,nan,nan,nan,19,47
0.04322326456167502,0.9823321554770318,0.9825569392527157,0.9828933217637537,0.9825574241089191,nan,nan,nan,nan,nan,nan,nan,0.9701492537313433,0.9827586206896551,0.9947643979057592,28,47
0.06126006875808798,0.9896013864818024,0.9895432861699116,0.9892626528959254,0.9898558365691535,1.0,0.9927536231884058,0.9817073170731707,0.9849624060150376,nan,nan,nan,nan,nan,nan,6,47
0.06437480513805996,0.9859649122807017,0.9855312183670392,0.9852182631884606,0.9859364803346917,nan,nan,nan,nan,0.9904761904761905,0.9879518072289156,0.979381443298969,nan,nan,nan,14,47
0.09580931793922039,0.9826689774696707,0.9825337747738346,0.9827594773647406,0.9824866708669525,0.9929577464788732,1.0,0.974025974025974,0.9629629629629629,nan,nan,nan,nan,nan,nan,1,47
0.026278115367454627,0.9893617021276596,0.9889493174375593,0.9893764143827005,0.9886512761408279,nan,nan,nan,nan,0.9951690821256038,0.9760479041916168,0.9947368421052631,nan,nan,nan,13,47
0.052978870152009624,0.9893617021276596,0.9891952341820027,0.9891952341820027,0.9891952341820027,nan,nan,nan,nan,0.9948717948717949,0.9832402234636871,0.9894736842105263,nan,nan,nan,12,47
0.028666830417023448,0.9910873440285205,0.9908320035044902,0.9908320035044902,0.9908320035044902,nan,nan,nan,nan,0.9900497512437811,0.9874213836477987,0.9950248756218906,nan,nan,nan,18,47
0.04603731397946831,0.9912280701754386,0.9912764737013902,0.991668187070486,0.9910073260073261,nan,nan,nan,nan,nan,nan,nan,0.978021978021978,1.0,0.995,20,47
0.01576670803337442,0.993006993006993,0.9930654894427331,0.9931131107427579,0.993089430894309,nan,nan,nan,nan,nan,nan,nan,0.9853658536585366,0.9939024390243902,1.0,24,47
0.03882619229304845,0.9879310344827587,0.9878673166132683,0.9878965673909978,0.9879569317518958,0.9928057553956835,1.0,0.9928057553956835,0.9662162162162162,nan,nan,nan,nan,nan,nan,5,47
0.007639298649387961,0.9982486865148862,0.998307680082812,0.9982905982905983,0.9983333333333334,nan,nan,nan,nan,0.995,1.0,1.0,nan,nan,nan,16,47
0.0690630389204958,0.9845094664371773,0.9845577558739096,0.9839438592338344,0.985318934895731,1.0,0.9826589595375722,0.9863945578231292,0.9722222222222222,nan,nan,nan,nan,nan,nan,2,47
0.028472632337601073,0.9876543209876543,0.9876922434690321,0.9878595748490442,0.9877106741573033,nan,nan,nan,nan,nan,nan,nan,1.0,0.9943820224719101,0.96875,21,47
0.028826437262473012,0.9895287958115183,0.9894997781941505,0.989482009720751,0.9895265228598561,nan,nan,nan,nan,nan,nan,nan,0.9897435897435898,0.9947089947089947,0.9841269841269841,29,47
0.03737006786357395,0.9912587412587412,0.991252906888676,0.9911264765197348,0.9914391500623673,nan,nan,nan,nan,0.9943502824858758,0.9851485148514851,0.9948186528497409,nan,nan,nan,15,47
0.07234288837672567,0.9841269841269841,0.9838892413059023,0.9842345977939199,0.9841269841269842,nan,nan,nan,nan,nan,nan,nan,1.0,1.0,0.9523809523809523,22,47
0.06957830805590169,0.9789473684210527,0.9785129483744904,0.9782744054208968,0.9790332487722111,nan,nan,nan,nan,nan,nan,nan,0.9813084112149533,0.9942528735632183,0.9615384615384616,27,47
0.06883227903759498,0.9861351819757366,0.9856026138252936,0.9860299720599441,0.9852603537212762,0.9834710743801653,0.9943502824858758,0.9763779527559056,0.9868421052631579,nan,nan,nan,nan,nan,nan,7,47
0.04680551907424362,0.9893992932862191,0.9894042205812447,0.9894384707287932,0.9893798218107611,nan,nan,nan,nan,nan,nan,nan,0.99,0.988950276243094,0.9891891891891892,23,47
0.09709250306632623,0.9844559585492227,0.9831224989227204,0.9847972972972973,0.982265489173384,0.9932432432432432,0.9941520467836257,0.9416666666666667,1.0,nan,nan,nan,nan,nan,nan,4,47
0.04071679119747267,0.9879101899827288,0.9870492347235261,0.9869682047729843,0.9871412956230491,0.9935897435897436,0.99375,0.9858156028368794,0.9754098360655737,nan,nan,nan,nan,nan,nan,0,47
0.024143231245214263,0.9930434782608696,0.9928360975530788,0.9935357142857143,0.9922147889408561,1.0,1.0,0.9763779527559056,0.9924812030075187,nan,nan,nan,nan,nan,nan,8,47
0.06319427057729222,0.9859894921190894,0.9860633866564186,0.985846090344666,0.9863397719261023,nan,nan,nan,nan,0.975609756097561,0.9887005649717514,0.9947089947089947,nan,nan,nan,10,47
0.050093607713361306,0.9861111111111112,0.9853793760088634,0.9852469874883394,0.9855361622174801,1.0,0.9941176470588236,0.9699248120300752,0.9781021897810219,nan,nan,nan,nan,nan,nan,3,47
0.048719058892553825,0.9876106194690265,0.9876333176628105,0.9876209224948721,0.9877118008696956,nan,nan,nan,nan,0.9944444444444445,0.9789473684210527,0.9897435897435898,nan,nan,nan,11,47
0.04560539011289453,0.9896551724137931,0.9892597681756327,0.9893257152059969,0.9892072415927378,1.0,1.0,0.9770992366412213,0.9797297297297297,nan,nan,nan,nan,nan,nan,9,47
0.013993110336223758,0.9964726631393298,0.9964710824814452,0.996415770609319,0.9965635738831615,nan,nan,nan,nan,1.0,0.9896907216494846,1.0,nan,nan,nan,17,47
0.017036159638792014,0.993006993006993,0.9930656555441625,0.9930887071444313,0.9930701754385964,nan,nan,nan,nan,nan,nan,nan,1.0,0.995,0.9842105263157894,25,47
0.05719989093470051,0.989492119089317,0.9894912770908371,0.9894733926147539,0.9895457202592844,nan,nan,nan,nan,nan,nan,nan,0.9946524064171123,0.9895287958115183,0.9844559585492227,26,47
0.03477277837303542,0.9913644214162349,0.9906093896881765,0.990936902590373,0.9903063597256133,1.0,1.0,0.9858156028368794,0.9754098360655737,nan,nan,nan,nan,nan,nan,0,48
0.03667237074013327,0.9929824561403509,0.9930276724320611,0.9930613776101804,0.993003663003663,nan,nan,nan,nan,nan,nan,nan,0.989010989010989,1.0,0.99,20,48
0.0499048623002732,0.9896013864818024,0.9889788833912369,0.9886751577860361,0.9892949733607633,0.9917355371900827,0.9943502824858758,0.984251968503937,0.9868421052631579,nan,nan,nan,nan,nan,nan,7,48
0.021543735688955696,0.9930434782608696,0.9928360975530788,0.9935357142857143,0.9922147889408561,1.0,1.0,0.9763779527559056,0.9924812030075187,nan,nan,nan,nan,nan,nan,8,48
0.033449324408138636,0.9875886524822695,0.9870716853767701,0.9876985999685387,0.9866552681567958,nan,nan,nan,nan,0.9951690821256038,0.9700598802395209,0.9947368421052631,nan,nan,nan,13,48
0.026059578968064063,0.9895104895104895,0.989572006940428,0.989572006940428,0.989572006940428,nan,nan,nan,nan,nan,nan,nan,0.9945054945054945,0.99,0.9842105263157894,25,48
0.045596721009335144,0.991166077738516,0.9911597507267595,0.9911069934117807,0.991221442436912,nan,nan,nan,nan,nan,nan,nan,0.99,0.994475138121547,0.9891891891891892,23,48
0.0982191251182066,0.9861830742659758,0.9850698555950326,0.9864060489060489,0.9843488225067172,0.9932432432432432,0.9941520467836257,0.95,1.0,nan,nan,nan,nan,nan,nan,4,48
0.06323828589670989,0.9859894921190894,0.9860633866564186,0.985846090344666,0.9863397719261023,nan,nan,nan,nan,0.975609756097561,0.9887005649717514,0.9947089947089947,nan,nan,nan,10,48
0.03184012762863454,0.9912739965095986,0.9912312093733257,0.9912357270699936,0.9912359245692578,nan,nan,nan,nan,nan,nan,nan,0.9948717948717949,0.9947089947089947,0.9841269841269841,29,48
0.013669941008831503,0.9965034965034965,0.9965338410269574,0.9963458110516935,0.9967479674796748,nan,nan,nan,nan,nan,nan,nan,0.9902439024390244,1.0,1.0,24,48
0.06242767376412909,0.9859649122807017,0.9854207184947028,0.985625197102209,0.9852259307233845,nan,nan,nan,nan,0.9952380952380953,0.9759036144578314,0.9845360824742269,nan,nan,nan,14,48
0.02624730779244702,0.9929453262786596,0.9930517397800318,0.9932456140350876,0.9929190074906367,nan,nan,nan,nan,nan,nan,nan,1.0,0.9943820224719101,0.984375,21,48
0.0865669355201757,0.9826689774696707,0.9825337747738346,0.9827594773647406,0.9824866708669525,0.9929577464788732,1.0,0.974025974025974,0.9629629629629629,nan,nan,nan,nan,nan,nan,1,48
0.2861294155637121,0.9517241379310345,0.9501095025247882,0.9532291011584137,0.9523157740329252,1.0,0.9858156028368794,0.9923664122137404,0.831081081081081,nan,nan,nan,nan,nan,nan,9,48
0.014050117919560358,0.9964726631393298,0.9964710824814452,0.996415770609319,0.9965635738831615,nan,nan,nan,nan,1.0,0.9896907216494846,1.0,nan,nan,nan,17,48
0.06079976540274258,0.9896013864818024,0.9895432861699116,0.9892626528959254,0.9898558365691535,1.0,0.9927536231884058,0.9817073170731707,0.9849624060150376,nan,nan,nan,nan,nan,nan,6,48
0.0350688627224574,0.9912587412587412,0.99125456980536,0.9913378710967543,0.9912830266077455,nan,nan,nan,nan,0.9887005649717514,0.9851485148514851,1.0,nan,nan,nan,15,48
0.053142963005989766,0.9893805309734514,0.9894055091547255,0.9893341845125837,0.9895636527215474,nan,nan,nan,nan,1.0,0.9789473684210527,0.9897435897435898,nan,nan,nan,11,48
0.06060416999528368,0.9912280701754386,0.9910061347450955,0.9911367037103888,0.9908850970611135,nan,nan,nan,nan,0.9948717948717949,0.9827586206896551,0.9950248756218906,nan,nan,nan,19,48
0.05508679052698698,0.987719298245614,0.9877248047236491,0.9878356096960749,0.9876430190642244,nan,nan,nan,nan,nan,nan,nan,0.9906542056074766,0.9942528735632183,0.978021978021978,27,48
0.052744727356993176,0.9912434325744308,0.9912318261958069,0.9912184976329712,0.9912728359760375,nan,nan,nan,nan,nan,nan,nan,0.9946524064171123,0.9895287958115183,0.9896373056994818,26,48
0.05093178279775638,0.9929078014184397,0.9928008758397212,0.9927114696912117,0.99291962896785,nan,nan,nan,nan,0.9948717948717949,0.994413407821229,0.9894736842105263,nan,nan,nan,12,48
0.0050171720291700694,0.9982486865148862,0.998307680082812,0.9982905982905983,0.9983333333333334,nan,nan,nan,nan,0.995,1.0,1.0,nan,nan,nan,16,48
0.049037371868564605,0.9861111111111112,0.9853793760088634,0.9852469874883394,0.9855361622174801,1.0,0.9941176470588236,0.9699248120300752,0.9781021897810219,nan,nan,nan,nan,nan,nan,3,48
0.06476115604042813,0.9876543209876543,0.9873248366776107,0.987378675937998,0.9876543209876543,nan,nan,nan,nan,nan,nan,nan,1.0,1.0,0.9629629629629629,22,48
0.029696324328243564,0.9910873440285205,0.9908320035044902,0.9908320035044902,0.9908320035044902,nan,nan,nan,nan,0.9900497512437811,0.9874213836477987,0.9950248756218906,nan,nan,nan,18,48
0.06967042506641376,0.9845094664371773,0.9845826095572997,0.9839125540862612,0.9853543657347331,1.0,0.9826589595375722,0.9795918367346939,0.9791666666666666,nan,nan,nan,nan,nan,nan,2,48
0.08831354190959628,0.9793103448275862,0.9789622776419813,0.979632698463145,0.9789641259965002,0.9568345323741008,1.0,0.9928057553956835,0.9662162162162162,nan,nan,nan,nan,nan,nan,5,48
0.051477269083989086,0.9840989399293286,0.9842484575909762,0.9845256364852634,0.9842157989016224,nan,nan,nan,nan,nan,nan,nan,0.9751243781094527,0.9827586206896551,0.9947643979057592,28,48
0.01578889802658523,0.9965034965034965,0.9965338410269574,0.9963458110516935,0.9967479674796748,nan,nan,nan,nan,nan,nan,nan,0.9902439024390244,1.0,1.0,24,49
0.06399866327511619,0.9894736842105263,0.989165466649375,0.9891163072748657,0.9892419949804125,nan,nan,nan,nan,0.9952380952380953,0.9879518072289156,0.9845360824742269,nan,nan,nan,14,49
0.06171539641703324,0.9912280701754386,0.9910061347450955,0.9911367037103888,0.9908850970611135,nan,nan,nan,nan,0.9948717948717949,0.9827586206896551,0.9950248756218906,nan,nan,nan,19,49
0.047450489895911434,0.9893805309734514,0.9894055091547255,0.9893341845125837,0.9895636527215474,nan,nan,nan,nan,1.0,0.9789473684210527,0.9897435897435898,nan,nan,nan,11,49
0.04812983708034093,0.9896551724137931,0.9892597681756327,0.9893257152059969,0.9892072415927378,1.0,1.0,0.9770992366412213,0.9797297297297297,nan,nan,nan,nan,nan,nan,9,49
0.025187780125201523,0.9930434782608696,0.9928360975530788,0.9935357142857143,0.9922147889408561,1.0,1.0,0.9763779527559056,0.9924812030075187,nan,nan,nan,nan,nan,nan,8,49
0.028251884496512503,0.9910873440285205,0.9908320035044902,0.9908320035044902,0.9908320035044902,nan,nan,nan,nan,0.9900497512437811,0.9874213836477987,0.9950248756218906,nan,nan,nan,18,49
0.0644082293030422,0.9861351819757366,0.9856071250805774,0.9855597790656876,0.9857731922129787,0.9917355371900827,1.0,0.984251968503937,0.9671052631578947,nan,nan,nan,nan,nan,nan,7,49
0.04813651443875718,0.9861111111111112,0.9853793760088634,0.9852469874883394,0.9855361622174801,1.0,0.9941176470588236,0.9699248120300752,0.9781021897810219,nan,nan,nan,nan,nan,nan,3,49
0.03513259685142226,0.9896551724137931,0.9896149420477596,0.9896432903037767,0.989646120941085,0.9928057553956835,1.0,0.9928057553956835,0.972972972972973,nan,nan,nan,nan,nan,nan,5,49
0.04952570019290666,0.9929078014184397,0.9928008758397212,0.9927114696912117,0.99291962896785,nan,nan,nan,nan,0.9948717948717949,0.994413407821229,0.9894736842105263,nan,nan,nan,12,49
0.051113381217949914,0.9895104895104895,0.9895712308818095,0.9896885521885522,0.9896328615912439,nan,nan,nan,nan,0.9887005649717514,0.9801980198019802,1.0,nan,nan,nan,15,49
0.096374423234178,0.9826689774696707,0.9825337747738346,0.9827594773647406,0.9824866708669525,0.9929577464788732,1.0,0.974025974025974,0.9629629629629629,nan,nan,nan,nan,nan,nan,1,49
0.014095272662965877,0.9964726631393298,0.9964710824814452,0.996415770609319,0.9965635738831615,nan,nan,nan,nan,1.0,0.9896907216494846,1.0,nan,nan,nan,17,49
0.016184636626172103,0.993006993006993,0.9930656555441625,0.9930887071444313,0.9930701754385964,nan,nan,nan,nan,nan,nan,nan,1.0,0.995,0.9842105263157894,25,49
0.06879445694138858,0.9845094664371773,0.9845826095572997,0.9839125540862612,0.9853543657347331,1.0,0.9826589595375722,0.9795918367346939,0.9791666666666666,nan,nan,nan,nan,nan,nan,2,49
0.05415066148575202,0.987719298245614,0.9875341454411223,0.9878158930125222,0.9873691496314764,nan,nan,nan,nan,nan,nan,nan,0.9953271028037384,0.9942528735632183,0.9725274725274725,27,49
0.03883714446581305,0.9840989399293286,0.9841043432818669,0.984460938671465,0.9838716389766878,nan,nan,nan,nan,nan,nan,nan,0.9850746268656716,0.9770114942528736,0.9895287958115183,28,49
0.05071325754498604,0.9912434325744308,0.9912318261958069,0.9912184976329712,0.9912728359760375,nan,nan,nan,nan,nan,nan,nan,0.9946524064171123,0.9895287958115183,0.9896373056994818,26,49
0.09209774283192473,0.9861830742659758,0.9850698555950326,0.9864060489060489,0.9843488225067172,0.9932432432432432,0.9941520467836257,0.95,1.0,nan,nan,nan,nan,nan,nan,4,49
0.03597328293774114,0.9913644214162349,0.9906093896881765,0.990936902590373,0.9903063597256133,1.0,1.0,0.9858156028368794,0.9754098360655737,nan,nan,nan,nan,nan,nan,0,49
0.023901159683475726,0.9858906525573192,0.9859670963902131,0.986232665436304,0.9859745630461921,nan,nan,nan,nan,nan,nan,nan,1.0,0.9943820224719101,0.9635416666666666,21,49
0.03690661097334669,0.9929824561403509,0.9930276724320611,0.9930613776101804,0.993003663003663,nan,nan,nan,nan,nan,nan,nan,0.989010989010989,1.0,0.99,20,49
0.07378771206519256,0.9876543209876543,0.9873248366776107,0.987378675937998,0.9876543209876543,nan,nan,nan,nan,nan,nan,nan,1.0,1.0,0.9629629629629629,22,49
0.003958812776444474,0.9982486865148862,0.998307680082812,0.9982905982905983,0.9983333333333334,nan,nan,nan,nan,0.995,1.0,1.0,nan,nan,nan,16,49
0.02416879374161201,0.9893617021276596,0.9889493174375593,0.9893764143827005,0.9886512761408279,nan,nan,nan,nan,0.9951690821256038,0.9760479041916168,0.9947368421052631,nan,nan,nan,13,49
0.06299390745344782,0.9859894921190894,0.9860633866564186,0.985846090344666,0.9863397719261023,nan,nan,nan,nan,0.975609756097561,0.9887005649717514,0.9947089947089947,nan,nan,nan,10,49
0.05820487916215717,0.9896013864818024,0.9895432861699116,0.9892626528959254,0.9898558365691535,1.0,0.9927536231884058,0.9817073170731707,0.9849624060150376,nan,nan,nan,nan,nan,nan,6,49
0.04563735018584541,0.9893992932862191,0.9894042205812447,0.9894384707287932,0.9893798218107611,nan,nan,nan,nan,nan,nan,nan,0.99,0.988950276243094,0.9891891891891892,23,49
0.03256752183177822,0.9912739965095986,0.9912312093733257,0.9912357270699936,0.9912359245692578,nan,nan,nan,nan,nan,nan,nan,0.9948717948717949,0.9947089947089947,0.9841269841269841,29,49
