test_loss,accuracy,f1score,precision,recall,accuracy_per_0,accuracy_per_1,accuracy_per_2,accuracy_per_3,accuracy_per_4,accuracy_per_5,accuracy_per_6,accuracy_per_7,accuracy_per_8,accuracy_per_9,node_id,epoch
3.2465366767002988,0.0,0.0,0.0,0.0,0.0,0.0,0.0,0.0,nan,nan,nan,nan,nan,nan,0,0
3.2517795746143046,0.0,0.0,0.0,0.0,0.0,0.0,0.0,0.0,nan,nan,nan,nan,nan,nan,1,0
3.2581856617560754,0.0,0.0,0.0,0.0,0.0,0.0,0.0,0.0,nan,nan,nan,nan,nan,nan,2,0
1.5719822474888392,0.5130237825594564,0.22604790419161677,0.17100792751981878,0.3333333333333333,nan,nan,nan,nan,1.0,0.0,0.0,nan,nan,nan,3,0
1.5608276895114355,0.5347776510832383,0.23229321446260523,0.17825921702774608,0.3333333333333333,nan,nan,nan,nan,1.0,0.0,0.0,nan,nan,nan,4,0
1.5684973512377058,0.522883295194508,0.22890057600801403,0.1742944317315027,0.3333333333333333,nan,nan,nan,nan,1.0,0.0,0.0,nan,nan,nan,5,0
1.6026145304952348,0.5142857142857142,0.17006802721088435,0.12886597938144329,0.25,nan,nan,nan,nan,1.0,0.0,0.0,nan,nan,nan,6,0
1.565872950213296,0.5198637911464246,0.1711509715994021,0.13011363636363638,0.25,nan,nan,nan,nan,1.0,0.0,0.0,nan,nan,nan,7,0
1.5436645575932093,0.5340136054421769,0.17418639053254437,0.1336549375709421,0.25,nan,nan,nan,nan,1.0,0.0,0.0,nan,nan,nan,8,0
1.5505699855940682,0.5325714285714286,0.1740104555638536,0.13344788087056128,0.25,nan,nan,nan,nan,1.0,0.0,0.0,nan,nan,nan,9,0
2.0383424844060625,0.010625737898465172,0.0078125,0.225,0.003975265017667844,nan,nan,nan,nan,nan,nan,nan,0.0,0.015901060070671377,0.0,10,0
1.9892029506819588,0.011862396204033215,0.008361204013377926,0.25,0.004251700680272109,nan,nan,nan,nan,nan,nan,nan,0.0,0.017006802721088437,0.0,11,0
2.0892227717808316,0.009489916963226572,0.0071174377224199285,0.25,0.0036101083032490976,nan,nan,nan,nan,nan,nan,nan,0.0,0.01444043321299639,0.0,12,0
1.986587107181549,0.015439429928741092,0.010869565217391304,0.25,0.005555555555555556,nan,nan,nan,nan,nan,nan,nan,0.0,0.022222222222222223,0.0,13,0
1.9983758415494646,0.015457788347205707,0.010887772194304857,0.25,0.005565068493150685,nan,nan,nan,nan,nan,nan,nan,0.0,0.02226027397260274,0.0,14,0
3.388748389024001,0.0,0.0,0.0,0.0,0.0,0.0,0.0,0.0,nan,nan,nan,nan,nan,nan,0,1
3.411752755825336,0.0,0.0,0.0,0.0,0.0,0.0,0.0,0.0,nan,nan,nan,nan,nan,nan,1,1
3.410542818216177,0.0,0.0,0.0,0.0,0.0,0.0,0.0,0.0,nan,nan,nan,nan,nan,nan,2,1
1.4990941200937544,0.5186862967157417,0.18797308662741802,0.26196311500520797,0.2564657103524678,nan,nan,nan,nan,0.9889624724061811,0.0,0.03690036900369004,nan,nan,nan,3,1
1.485324740409851,0.5461801596351197,0.19757049345417926,0.28961988304093567,0.26064581274810616,nan,nan,nan,nan,0.997867803837953,0.0,0.044715447154471545,nan,nan,nan,4,1
1.4792630502155848,0.5320366132723112,0.19487878533680061,0.2994333724110981,0.2595765220749131,nan,nan,nan,nan,0.9912472647702407,0.0,0.047058823529411764,nan,nan,nan,5,1
1.547917331968035,0.5097142857142857,0.1769326552350091,0.21227148969272658,0.24967078189300412,nan,nan,nan,nan,0.9822222222222222,0.0,0.01646090534979424,nan,nan,nan,6,1
1.481509029865265,0.5244040862656073,0.19248894479530038,0.2575088339222615,0.2567032984740328,nan,nan,nan,nan,0.982532751091703,0.0,0.04428044280442804,nan,nan,nan,7,1
1.463478990963527,0.5374149659863946,0.18784510316768382,0.26059814169570267,0.2544806313343749,nan,nan,nan,nan,0.9915074309978769,0.0,0.026415094339622643,nan,nan,nan,8,1
1.4603631240980965,0.5394285714285715,0.19731164951875207,0.2666907067793117,0.2586388233897097,nan,nan,nan,nan,0.9871244635193133,0.0,0.04743083003952569,nan,nan,nan,9,1
2.0077889221055165,0.09799291617473435,0.050842266462480856,0.1908045977011494,0.029328621908127205,nan,nan,nan,nan,nan,nan,nan,0.0,0.14664310954063603,0.0,10,1
1.9448957187788827,0.11269276393831554,0.05507246376811594,0.18627450980392157,0.03231292517006803,nan,nan,nan,nan,nan,nan,nan,0.0,0.16156462585034015,0.0,11,1
2.0642458541052684,0.1221826809015421,0.062141779788838614,0.1889908256880734,0.037184115523465705,nan,nan,nan,nan,nan,nan,nan,0.0,0.18592057761732853,0.0,12,1
1.9468127659388952,0.1187648456057007,0.058139534883720936,0.1941747572815534,0.03418803418803419,nan,nan,nan,nan,nan,nan,nan,0.0,0.17094017094017094,0.0,13,1
1.9473338212285722,0.10225921521997622,0.05096296296296297,0.189010989010989,0.02945205479452055,nan,nan,nan,nan,nan,nan,nan,0.0,0.14726027397260275,0.0,14,1
3.2225737755115214,0.0,0.0,0.0,0.0,0.0,0.0,0.0,0.0,nan,nan,nan,nan,nan,nan,0,2
3.248017641214224,0.0,0.0,0.0,0.0,0.0,0.0,0.0,0.0,nan,nan,nan,nan,nan,nan,1,2
3.2390449047088623,0.0,0.0,0.0,0.0,0.0,0.0,0.0,0.0,nan,nan,nan,nan,nan,nan,2,2
1.2640494874545507,0.6002265005662514,0.3212071078431373,0.5776676025636469,0.3341113318667861,nan,nan,nan,nan,0.9646799116997793,0.06918238993710692,0.3025830258302583,nan,nan,nan,3,2
1.2633628419467382,0.6088939566704675,0.3096346477364209,0.572080459770115,0.3283558815806116,nan,nan,nan,nan,0.9573560767590619,0.030864197530864196,0.3252032520325203,nan,nan,nan,4,2
1.209914777960096,0.5995423340961098,0.30897842808107634,0.5723577235772357,0.3280339796182676,nan,nan,nan,nan,0.9518599562363238,0.030864197530864196,0.32941176470588235,nan,nan,nan,5,2
1.2963717664991106,0.5977142857142858,0.3204870036035695,0.5734728825128432,0.3365963460407905,nan,nan,nan,nan,0.9622222222222222,0.054945054945054944,0.3292181069958848,nan,nan,nan,6,2
1.2441218750817435,0.5947786606129398,0.30911837235832096,0.5603130125751777,0.3249188113433651,nan,nan,nan,nan,0.9563318777292577,0.05921052631578947,0.28413284132841327,nan,nan,nan,7,2
1.222007257597787,0.6292517006802721,0.32750492114993796,0.6037908157854425,0.3392228168922882,nan,nan,nan,nan,0.9723991507430998,0.0410958904109589,0.3433962264150943,nan,nan,nan,8,2
1.2238895211900984,0.6217142857142857,0.33830766357022457,0.5697138927097661,0.3442585746653669,nan,nan,nan,nan,0.9592274678111588,0.08974358974358974,0.32806324110671936,nan,nan,nan,9,2
1.9013007198061262,0.16646989374262103,0.06545961002785515,0.15460526315789475,0.04151943462897526,nan,nan,nan,nan,nan,nan,nan,0.0,0.24911660777385158,0.0,10,2
1.8608204637254988,0.18505338078291814,0.06924101198402131,0.15950920245398773,0.04421768707482993,nan,nan,nan,nan,nan,nan,nan,0.0,0.2653061224489796,0.0,11,2
1.951268996511187,0.20166073546856464,0.07657657657657659,0.15232974910394265,0.05114320096269554,nan,nan,nan,nan,nan,nan,nan,0.0,0.30685920577617326,0.0,12,2
1.8443816133907862,0.1995249406175772,0.08842105263157894,0.192,0.05743589743589743,nan,nan,nan,nan,nan,nan,nan,0.0,0.28717948717948716,0.0,13,2
1.8423086064202445,0.1700356718192628,0.06450157870996842,0.15376344086021507,0.040810502283105024,nan,nan,nan,nan,nan,nan,nan,0.0,0.24486301369863014,0.0,14,2
2.9889288682204027,0.0,0.0,0.0,0.0,0.0,0.0,0.0,0.0,nan,nan,nan,nan,nan,nan,0,3
3.0135793135716367,0.0,0.0,0.0,0.0,0.0,0.0,0.0,0.0,nan,nan,nan,nan,nan,nan,1,3
3.011836125300481,0.0,0.0,0.0,0.0,0.0,0.0,0.0,0.0,nan,nan,nan,nan,nan,nan,2,3
1.0831291718142373,0.6625141562853907,0.4364020354666937,0.5685168006596578,0.41520303963504457,nan,nan,nan,nan,0.9580573951434879,0.3522012578616352,0.3505535055350554,nan,nan,nan,3,3
1.0798636632306235,0.677309007981756,0.35288425876878843,0.4561013645224172,0.33296474139818394,nan,nan,nan,nan,0.9573560767590619,0.345679012345679,0.3617886178861789,nan,nan,nan,4,3
1.0172281733581,0.7128146453089245,0.49907569507650196,0.6126676254816772,0.46717466060903656,nan,nan,nan,nan,0.949671772428884,0.4876543209876543,0.43137254901960786,nan,nan,nan,5,3
1.0835701269762856,0.6731428571428572,0.35997601542155994,0.4570096112112341,0.34066313932980596,nan,nan,nan,nan,0.9511111111111111,0.35714285714285715,0.3950617283950617,nan,nan,nan,6,3
1.0570627876690455,0.6708286038592508,0.4462418229669643,0.5867192539509757,0.42070271520056046,nan,nan,nan,nan,0.9519650655021834,0.3618421052631579,0.36900369003690037,nan,nan,nan,7,3
1.016801961830684,0.7086167800453514,0.47749956229793256,0.6162608225108225,0.44387604613732434,nan,nan,nan,nan,0.9596602972399151,0.363013698630137,0.4528301886792453,nan,nan,nan,8,3
1.034658317055021,0.7005714285714286,0.4727436734374706,0.5759849704777241,0.4444798491612263,nan,nan,nan,nan,0.944206008583691,0.391025641025641,0.4426877470355731,nan,nan,nan,9,3
1.712869107723236,0.2857142857142857,0.09861450692746536,0.16005291005291006,0.07126030624263839,nan,nan,nan,nan,nan,nan,nan,0.0,0.4275618374558304,0.0,10,3
1.694417153085981,0.298932384341637,0.09870740305522914,0.1596958174904943,0.07142857142857142,nan,nan,nan,nan,nan,nan,nan,0.0,0.42857142857142855,0.0,11,3
1.7635436654090881,0.32977461447212336,0.110055423594616,0.16087962962962962,0.08363417569193743,nan,nan,nan,nan,nan,nan,nan,0.0,0.5018050541516246,0.0,12,3
1.6502857208251953,0.31116389548693585,0.10178710178710178,0.15995115995115997,0.07464387464387465,nan,nan,nan,nan,nan,nan,nan,0.0,0.4478632478632479,0.0,13,3
1.6590436611856734,0.30677764565992865,0.10093896713615023,0.16044776119402984,0.07363013698630137,nan,nan,nan,nan,nan,nan,nan,0.0,0.4417808219178082,0.0,14,3
2.911250884716327,0.0,0.0,0.0,0.0,0.0,0.0,0.0,0.0,nan,nan,nan,nan,nan,nan,0,4
2.9443402657142053,0.0,0.0,0.0,0.0,0.0,0.0,0.0,0.0,nan,nan,nan,nan,nan,nan,1,4
2.942462627704327,0.0,0.0,0.0,0.0,0.0,0.0,0.0,0.0,nan,nan,nan,nan,nan,nan,2,4
0.995830991438457,0.6942242355605889,0.3806751148184328,0.4691780294588407,0.3574282952625853,nan,nan,nan,nan,0.9470198675496688,0.389937106918239,0.45018450184501846,nan,nan,nan,3,4
0.9826261188302722,0.7115165336374002,0.3217873118481051,0.3984329631100018,0.3002840788101477,nan,nan,nan,nan,0.9594882729211087,0.3950617283950617,0.44715447154471544,nan,nan,nan,4,4
0.9368871705872672,0.7311212814645309,0.41650154974562204,0.5051330990661403,0.38642827063559027,nan,nan,nan,nan,0.9431072210065645,0.47530864197530864,0.5137254901960784,nan,nan,nan,5,4
0.9887796086924416,0.7062857142857143,0.3916234275262235,0.48298375932664134,0.3662189662189662,nan,nan,nan,nan,0.9444444444444444,0.36813186813186816,0.5185185185185185,nan,nan,nan,6,4
0.9662167302199772,0.713961407491487,0.3954156892993555,0.48992548728980373,0.36865092725852566,nan,nan,nan,nan,0.9519650655021834,0.40789473684210525,0.4833948339483395,nan,nan,nan,7,4
0.9073693454265594,0.7573696145124716,0.4233637553284571,0.5098368993068093,0.39247483535907113,nan,nan,nan,nan,0.9596602972399151,0.4178082191780822,0.5849056603773585,nan,nan,nan,8,4
0.9407221078872681,0.7382857142857143,0.5149494609133153,0.6011049595831206,0.48261834110406604,nan,nan,nan,nan,0.944206008583691,0.44871794871794873,0.5375494071146245,nan,nan,nan,9,4
1.6084394114358085,0.38016528925619836,0.13610797238630648,0.49737118822292326,0.1013646398270724,nan,nan,nan,nan,nan,nan,nan,0.013888888888888888,0.5512367491166078,0.0430622009569378,10,4
1.5983663882528032,0.40569395017793597,0.1287037037037037,0.49568965517241376,0.1001255967146818,nan,nan,nan,nan,nan,nan,nan,0.012987012987012988,0.576530612244898,0.011235955056179775,11,4
1.6554665054593767,0.39501779359430605,0.13063012677106636,0.32745098039215687,0.10294979789564628,nan,nan,nan,nan,nan,nan,nan,0.0,0.592057761732852,0.02564102564102564,12,4
1.54132513489042,0.40380047505938244,0.13300984477174196,0.49707602339181284,0.10195408126492743,nan,nan,nan,nan,nan,nan,nan,0.02631578947368421,0.5743589743589743,0.011049723756906077,13,4
1.5630676746368408,0.40071343638525564,0.12552138686047973,0.32943469785575047,0.09800780674620709,nan,nan,nan,nan,nan,nan,nan,0.0,0.571917808219178,0.016129032258064516,14,4
2.752291881121122,0.0,0.0,0.0,0.0,0.0,0.0,0.0,0.0,nan,nan,nan,nan,nan,nan,0,5
2.8075955097491923,0.0,0.0,0.0,0.0,0.0,0.0,0.0,0.0,nan,nan,nan,nan,nan,nan,1,5
2.7952908002413235,0.0,0.0,0.0,0.0,0.0,0.0,0.0,0.0,nan,nan,nan,nan,nan,nan,2,5
0.908217557838985,0.7440543601359003,0.42862873202705154,0.5047628906635118,0.3981451297706779,nan,nan,nan,nan,0.9514348785871964,0.4968553459119497,0.5424354243542435,nan,nan,nan,3,5
0.9197908171585628,0.7274800456100342,0.34277699434411435,0.4103910248016847,0.3160939613028761,nan,nan,nan,nan,0.9339019189765458,0.4382716049382716,0.524390243902439,nan,nan,nan,4,5
0.8512094574315208,0.7643020594965675,0.5605924589225197,0.6401031207671248,0.5226834570443787,nan,nan,nan,nan,0.9234135667396062,0.5555555555555556,0.611764705882353,nan,nan,nan,5,5
0.9043045682566506,0.7268571428571429,0.34834466165589384,0.41134319136827496,0.32407271740605076,nan,nan,nan,nan,0.9177777777777778,0.4340659340659341,0.5925925925925926,nan,nan,nan,6,5
0.8983532530920846,0.7434733257661748,0.42128341124767027,0.5018483283083364,0.39165687830171797,nan,nan,nan,nan,0.9410480349344978,0.4342105263157895,0.5830258302583026,nan,nan,nan,7,5
0.8150727280548641,0.7834467120181405,0.44422190253353283,0.5243734376034173,0.4128640250584564,nan,nan,nan,nan,0.9639065817409767,0.4589041095890411,0.6415094339622641,nan,nan,nan,8,5
0.86471374971526,0.7554285714285714,0.36264293665529884,0.41525667004390404,0.3370116541417157,nan,nan,nan,nan,0.9291845493562232,0.5,0.5928853754940712,nan,nan,nan,9,5
1.5035507082939148,0.4651711924439197,0.16243851696117417,0.49567099567099565,0.127092910069012,nan,nan,nan,nan,nan,nan,nan,0.013888888888888888,0.6625441696113075,0.0861244019138756,10,5
1.4985531398228236,0.49228944246737844,0.16177919302919305,0.4947538337368846,0.12865180120396813,nan,nan,nan,nan,nan,nan,nan,0.012987012987012988,0.6802721088435374,0.07865168539325842,11,5
1.5552940198353358,0.4863582443653618,0.16893871176407327,0.3271298593879239,0.1355302539418063,nan,nan,nan,nan,nan,nan,nan,0.0,0.7003610108303249,0.11282051282051282,12,5
1.4415480239050729,0.49643705463182897,0.16688184210751913,0.4959546925566343,0.1318072238252523,nan,nan,nan,nan,nan,nan,nan,0.02631578947368421,0.6871794871794872,0.07734806629834254,13,5
1.4592674289430891,0.4875148632580262,0.15490767047848228,0.3280487804878049,0.12494783227770412,nan,nan,nan,nan,nan,nan,nan,0.0,0.6797945205479452,0.06989247311827956,14,5
2.6963062653174767,0.0,0.0,0.0,0.0,0.0,0.0,0.0,0.0,nan,nan,nan,nan,nan,nan,0,6
2.7673251078679013,0.0,0.0,0.0,0.0,0.0,0.0,0.0,0.0,nan,nan,nan,nan,nan,nan,1,6
2.7605255200312686,0.0,0.0,0.0,0.0,0.0,0.0,0.0,0.0,nan,nan,nan,nan,nan,nan,2,6
0.8120783311980111,0.7768969422423556,0.37968298486152946,0.4304896342790839,0.3535152382637159,nan,nan,nan,nan,0.9205298013245033,0.5031446540880503,0.6974169741697417,nan,nan,nan,3,6
0.8362021786825997,0.7605473204104903,0.3648219180594035,0.41569527595664896,0.3406029280619743,nan,nan,nan,nan,0.9040511727078892,0.4444444444444444,0.6951219512195121,nan,nan,nan,4,6
0.7616048284939357,0.7791762013729977,0.38607878627832076,0.43058175220410705,0.360246511009515,nan,nan,nan,nan,0.8927789934354485,0.5432098765432098,0.7254901960784313,nan,nan,nan,5,6
0.8285595434052604,0.76,0.37455728407107697,0.421083371843806,0.3509942869202128,nan,nan,nan,nan,0.8844444444444445,0.489010989010989,0.7325102880658436,nan,nan,nan,6,6
0.8030812953199659,0.7707150964812712,0.3751578309078427,0.4180459929256994,0.3513971424476368,nan,nan,nan,nan,0.9104803493449781,0.5263157894736842,0.6715867158671587,nan,nan,nan,7,6
0.7380094570772988,0.8038548752834467,0.45949205167159785,0.5200226088157123,0.4316853161857631,nan,nan,nan,nan,0.9341825902335457,0.4657534246575342,0.7584905660377359,nan,nan,nan,8,6
0.787513371024813,0.7942857142857143,0.3881384356549251,0.4241020087948825,0.3661912484687256,nan,nan,nan,nan,0.9012875536480687,0.5448717948717948,0.7509881422924901,nan,nan,nan,9,6
1.411796246256147,0.4923258559622196,0.19399016278521888,0.49740259740259746,0.14645701481994952,nan,nan,nan,nan,nan,nan,nan,0.041666666666666664,0.6696113074204947,0.1674641148325359,10,6
1.412287371499198,0.5160142348754448,0.1846441545586944,0.4967793880837359,0.14346109570828672,nan,nan,nan,nan,nan,nan,nan,0.012987012987012988,0.6904761904761905,0.15730337078651685,11,6
1.4690586413655962,0.5041518386714117,0.19180354770754326,0.4906015037593985,0.14982297404910508,nan,nan,nan,nan,nan,nan,nan,0.010638297872340425,0.6985559566787004,0.18974358974358974,12,6
1.3516011663845606,0.5166270783847982,0.19038961001175433,0.49443118536197295,0.1468254412060751,nan,nan,nan,nan,nan,nan,nan,0.039473684210526314,0.6923076923076923,0.14917127071823205,13,6
1.3709307738712855,0.5005945303210464,0.17857328711403378,0.49627791563275436,0.13808783125423132,nan,nan,nan,nan,nan,nan,nan,0.014084507042253521,0.6746575342465754,0.13978494623655913,14,6
2.6706358652848463,0.0,0.0,0.0,0.0,0.0,0.0,0.0,0.0,nan,nan,nan,nan,nan,nan,0,7
2.7435914002932034,0.0,0.0,0.0,0.0,0.0,0.0,0.0,0.0,nan,nan,nan,nan,nan,nan,1,7
2.7202652784494252,0.0012195121951219512,0.0010695187165775401,0.1,0.0005376344086021505,0.0,0.0,0.0,0.005376344086021506,nan,nan,nan,nan,nan,nan,2,7
0.7550478535039085,0.79841449603624,0.38171777035677984,0.43046927016458,0.36056018251048433,nan,nan,nan,nan,0.9271523178807947,0.44654088050314467,0.7896678966789668,nan,nan,nan,3,7
0.7974732901368823,0.7776510832383124,0.37247872700927126,0.42349438409776713,0.35003377100816735,nan,nan,nan,nan,0.9019189765458422,0.42592592592592593,0.7723577235772358,nan,nan,nan,4,7
0.7293951639107296,0.7986270022883295,0.3842163648921484,0.43032013041580824,0.36387979132004533,nan,nan,nan,nan,0.912472647702407,0.46296296296296297,0.807843137254902,nan,nan,nan,5,7
0.7862379934106555,0.7885714285714286,0.3783171207224183,0.43312706270627066,0.3599333725259651,nan,nan,nan,nan,0.9244444444444444,0.42857142857142855,0.8065843621399177,nan,nan,nan,6,7
0.757978835276195,0.7786606129398411,0.3716385128389441,0.41878093134521,0.34990363937769464,nan,nan,nan,nan,0.9148471615720524,0.45394736842105265,0.7306273062730627,nan,nan,nan,7,7
0.6878231848989215,0.8174603174603174,0.39304447988658514,0.44305035585870506,0.36889785009668197,nan,nan,nan,nan,0.9256900212314225,0.4726027397260274,0.8150943396226416,nan,nan,nan,8,7
0.7516925973551614,0.8057142857142857,0.3876207077692759,0.43558434567380533,0.3660568428482218,nan,nan,nan,nan,0.9141630901287554,0.46794871794871795,0.8142292490118577,nan,nan,nan,9,7
1.3760215554918562,0.48406139315230223,0.21823284823284825,0.4972144846796658,0.15850456395834858,nan,nan,nan,nan,nan,nan,nan,0.08333333333333333,0.6236749116607774,0.24401913875598086,10,7
1.3646707109042577,0.498220640569395,0.20245020161946434,0.49698535745047373,0.15007562439344144,nan,nan,nan,nan,nan,nan,nan,0.05194805194805195,0.6462585034013606,0.20224719101123595,11,7
1.4320349097251892,0.49228944246737844,0.20315161146111535,0.4951627088830255,0.15363597450931346,nan,nan,nan,nan,nan,nan,nan,0.031914893617021274,0.6642599277978339,0.22564102564102564,12,7
1.3115904842104231,0.5071258907363421,0.1956628908435943,0.4974874371859297,0.14772578906774894,nan,nan,nan,nan,nan,nan,nan,0.039473684210526314,0.67008547008547,0.17679558011049723,13,7
1.3332281879016332,0.4982164090368609,0.21057893076157097,0.4952256944444444,0.15492521214585595,nan,nan,nan,nan,nan,nan,nan,0.07042253521126761,0.6386986301369864,0.22043010752688172,14,7
2.5748120087843676,0.0,0.0,0.0,0.0,0.0,0.0,0.0,0.0,nan,nan,nan,nan,nan,nan,0,8
2.6642161332643948,0.0,0.0,0.0,0.0,0.0,0.0,0.0,0.0,nan,nan,nan,nan,nan,nan,1,8
2.630679093874418,0.0012195121951219512,0.0010695187165775401,0.1,0.0005376344086021505,0.0,0.0,0.0,0.005376344086021506,nan,nan,nan,nan,nan,nan,2,8
0.7140444687434605,0.8097395243488109,0.3995858481656494,0.43952027534076094,0.37549641209269774,nan,nan,nan,nan,0.9183222958057395,0.559748427672956,0.7749077490774908,nan,nan,nan,3,8
0.7428766063281468,0.7936145952109465,0.3907865437187985,0.431807908260373,0.36610608505200587,nan,nan,nan,nan,0.8955223880597015,0.5246913580246914,0.7764227642276422,nan,nan,nan,4,8
0.6694030932017735,0.816933638443936,0.40582557699261573,0.44512786859289494,0.3817851840198488,nan,nan,nan,nan,0.9015317286652079,0.5617283950617284,0.8274509803921568,nan,nan,nan,5,8
0.7514250235898154,0.7965714285714286,0.3366665634107494,0.37186061683974536,0.3178722277134976,nan,nan,nan,nan,0.9088888888888889,0.521978021978022,0.7942386831275721,nan,nan,nan,6,8
0.7087725017751966,0.7968217934165721,0.39340875557776345,0.43322590633012076,0.36862012394543625,nan,nan,nan,nan,0.9213973799126638,0.5855263157894737,0.7047970479704797,nan,nan,nan,7,8
0.650791347026825,0.8412698412698413,0.41049217102078933,0.45264744523317274,0.38719408834664343,nan,nan,nan,nan,0.9299363057324841,0.547945205479452,0.8452830188679246,nan,nan,nan,8,8
0.6952174774238041,0.8114285714285714,0.33889358461408553,0.36728581633094054,0.32129470952012473,nan,nan,nan,nan,0.9012875536480687,0.5256410256410257,0.8221343873517787,nan,nan,nan,9,8
1.3203546745436532,0.5348288075560803,0.234321257848408,0.49748110831234255,0.1751988063011868,nan,nan,nan,nan,nan,nan,nan,0.09722222222222222,0.6908127208480566,0.2631578947368421,10,8
1.3203431453023637,0.561091340450771,0.22759922408929756,0.4909655937846837,0.17489154327035547,nan,nan,nan,nan,nan,nan,nan,0.05194805194805195,0.7108843537414966,0.28651685393258425,11,8
1.3823964425495692,0.5421115065243179,0.2245713042725753,0.4908226478385543,0.17457923101213677,nan,nan,nan,nan,nan,nan,nan,0.031914893617021274,0.7129963898916968,0.30256410256410254,12,8
1.265568929059165,0.5558194774346793,0.23009537999959453,0.49566587864460204,0.17530515562646998,nan,nan,nan,nan,nan,nan,nan,0.06578947368421052,0.7042735042735043,0.281767955801105,13,8
1.2845734102385384,0.5505350772889417,0.22703021850302185,0.4959935897435897,0.17274829069670147,nan,nan,nan,nan,nan,nan,nan,0.056338028169014086,0.6952054794520548,0.2849462365591398,14,8
2.548985169484065,0.0,0.0,0.0,0.0,0.0,0.0,0.0,0.0,nan,nan,nan,nan,nan,nan,0,9
2.641524938436655,0.0012135922330097086,0.0010471204188481676,0.1,0.0005263157894736842,0.0,0.0,0.0,0.005263157894736842,nan,nan,nan,nan,nan,nan,1,9
2.604702491026658,0.0024390243902439024,0.002364066193853428,0.1111111111111111,0.0011947431302270013,0.0,0.0,0.0,0.010752688172043012,nan,nan,nan,nan,nan,nan,2,9
0.6846435708659036,0.8210645526613817,0.40575677888861833,0.4453346001937551,0.38140261260166025,nan,nan,nan,nan,0.9359823399558499,0.5849056603773585,0.7675276752767528,nan,nan,nan,3,9
0.7038799268858773,0.8095781071835804,0.4000417056959212,0.44600135593504947,0.37245724960605847,nan,nan,nan,nan,0.9232409381663113,0.5432098765432098,0.7682926829268293,nan,nan,nan,4,9
0.6384327560663223,0.8421052631578947,0.35779112904404403,0.3891005535954878,0.3378586218505556,nan,nan,nan,nan,0.936542669584245,0.6049382716049383,0.8235294117647058,nan,nan,nan,5,9
0.7152929306030273,0.8034285714285714,0.3416192060542236,0.37602474782581014,0.321770516373691,nan,nan,nan,nan,0.9155555555555556,0.554945054945055,0.7818930041152263,nan,nan,nan,6,9
0.6893286023821149,0.8059023836549376,0.34157546279070333,0.373352939436345,0.32058999276337447,nan,nan,nan,nan,0.9213973799126638,0.5921052631578947,0.7306273062730627,nan,nan,nan,7,9
0.6263825446367264,0.844671201814059,0.35387117672168367,0.3909407006045661,0.33319779026383706,nan,nan,nan,nan,0.940552016985138,0.5616438356164384,0.8301886792452831,nan,nan,nan,8,9
0.6607868415968758,0.8297142857142857,0.3446777232797492,0.37464429402988725,0.32655077397566673,nan,nan,nan,nan,0.9356223175965666,0.532051282051282,0.8181818181818182,nan,nan,nan,9,9
1.3203058923993791,0.5147579693034239,0.23194008295179755,0.4982126899016979,0.17119047082316563,nan,nan,nan,nan,nan,nan,nan,0.08333333333333333,0.6519434628975265,0.291866028708134,10,9
1.3109853608267648,0.5539739027283511,0.23927525532176694,0.4932792975346167,0.17933172588068255,nan,nan,nan,nan,nan,nan,nan,0.11688311688311688,0.7006802721088435,0.25842696629213485,11,9
1.392152156148638,0.5421115065243179,0.22709155690111635,0.48921201380217777,0.17605143829892275,nan,nan,nan,nan,nan,nan,nan,0.0425531914893617,0.7111913357400722,0.30256410256410254,12,9
1.2640039324760437,0.5641330166270784,0.23839051652118803,0.49612403100775193,0.18048006402179126,nan,nan,nan,nan,nan,nan,nan,0.10526315789473684,0.717948717948718,0.2596685082872928,13,9
1.2669626048633031,0.5481569560047562,0.227921976302258,0.4971544715447154,0.17278818366081006,nan,nan,nan,nan,nan,nan,nan,0.056338028169014086,0.690068493150685,0.2903225806451613,14,9
2.5623179215651293,0.0024125452352231603,0.0015038028304611535,0.15,0.0007559195888108355,0.0016420361247947454,0.0,0.0,0.005917159763313609,nan,nan,nan,nan,nan,nan,0,10
2.659138404406034,0.0024271844660194173,0.0020833333333333333,0.1,0.0010526315789473684,0.0,0.0,0.0,0.010526315789473684,nan,nan,nan,nan,nan,nan,1,10
2.621765008339515,0.0024390243902439024,0.0015605856575410225,0.2222222222222222,0.0007837996038905327,0.0016778523489932886,0.0,0.0,0.005376344086021506,nan,nan,nan,nan,nan,nan,2,10
0.6415293387004307,0.8357870894677236,0.40980686315326054,0.44877974305850143,0.38803386409473245,nan,nan,nan,nan,0.9249448123620309,0.5471698113207547,0.8560885608856088,nan,nan,nan,3,10
0.6783042464937482,0.8118586088939567,0.30016471452731447,0.33136117433033374,0.2820066977026084,nan,nan,nan,nan,0.9040511727078892,0.5308641975308642,0.8211382113821138,nan,nan,nan,4,10
0.609891265630722,0.8398169336384439,0.4152300232817057,0.45001102803326054,0.3949134393471574,nan,nan,nan,nan,0.912472647702407,0.5864197530864198,0.8705882352941177,nan,nan,nan,5,10
0.6988704672881535,0.8034285714285714,0.3381870438631539,0.3747635568460438,0.320684794335588,nan,nan,nan,nan,0.9066666666666666,0.4945054945054945,0.8436213991769548,nan,nan,nan,6,10
0.6431187093257904,0.8251986379114642,0.40494746516755625,0.4420432697237769,0.3828226527783549,nan,nan,nan,nan,0.9148471615720524,0.5592105263157895,0.8228782287822878,nan,nan,nan,7,10
0.5997457248823983,0.8492063492063492,0.3540549985806303,0.3905603655603655,0.3352470070577253,nan,nan,nan,nan,0.9256900212314225,0.5342465753424658,0.8867924528301887,nan,nan,nan,8,10
0.6354645873819079,0.8457142857142858,0.4095970986476327,0.4433957552864181,0.3911018875797752,nan,nan,nan,nan,0.9291845493562232,0.532051282051282,0.8853754940711462,nan,nan,nan,9,10
1.2738225204604012,0.5419126328217237,0.24445363965460262,0.49784110535405873,0.1834959695523207,nan,nan,nan,nan,nan,nan,nan,0.08333333333333333,0.6731448763250883,0.3444976076555024,10,10
1.2840995703424727,0.5563463819691578,0.23066004102010287,0.4938340168603326,0.17636928792627027,nan,nan,nan,nan,nan,nan,nan,0.05194805194805195,0.6972789115646258,0.3089887640449438,11,10
1.363486749785287,0.5516014234875445,0.19875583040602687,0.41892164273116655,0.15550014672835166,nan,nan,nan,nan,nan,nan,nan,0.031914893617021274,0.7129963898916968,0.3435897435897436,12,10
1.225348242691585,0.5890736342042755,0.2577067849666801,0.49088636473957575,0.19727379257039043,nan,nan,nan,nan,nan,nan,nan,0.11842105263157894,0.7282051282051282,0.3370165745856354,13,10
1.2327890310968672,0.5862068965517241,0.25497016713521464,0.49761336515513127,0.1968066870807997,nan,nan,nan,nan,nan,nan,nan,0.07042253521126761,0.7071917808219178,0.4032258064516129,14,10
2.5535885920891395,0.0024125452352231603,0.0006546644844517185,0.1,0.0003284072249589491,0.003284072249589491,0.0,0.0,0.0,nan,nan,nan,nan,nan,nan,0,11
2.637743197954618,0.0012135922330097086,0.0010471204188481676,0.1,0.0005263157894736842,0.0,0.0,0.0,0.005263157894736842,nan,nan,nan,nan,nan,nan,1,11
2.602784743675819,0.0024390243902439024,0.0015605856575410225,0.2222222222222222,0.0007837996038905327,0.0016778523489932886,0.0,0.0,0.005376344086021506,nan,nan,nan,nan,nan,nan,2,11
0.6239194657121386,0.8380520951302378,0.40754261010815357,0.4493483325323666,0.38703685175049923,nan,nan,nan,nan,0.9293598233995585,0.5220125786163522,0.8708487084870848,nan,nan,nan,3,11
0.660778705562864,0.82212086659065,0.345009157455673,0.3848404891260581,0.3241064280206548,nan,nan,nan,nan,0.9211087420042644,0.5061728395061729,0.8414634146341463,nan,nan,nan,4,11
0.5788810082844326,0.8466819221967964,0.42125096584632454,0.4616703501272668,0.3973042062814806,nan,nan,nan,nan,0.9212253829321663,0.5802469135802469,0.8823529411764706,nan,nan,nan,5,11
0.6735455053193229,0.816,0.34457010767391033,0.38367323019221755,0.3256526542240828,nan,nan,nan,nan,0.9222222222222223,0.5054945054945055,0.8518518518518519,nan,nan,nan,6,11
0.6362573036125728,0.8365493757094211,0.4172356238342396,0.4580566759912404,0.39158979443161473,nan,nan,nan,nan,0.9213973799126638,0.6052631578947368,0.8228782287822878,nan,nan,nan,7,11
0.5770578959158489,0.8582766439909297,0.3564141679353658,0.39575644353572403,0.33753417288506754,nan,nan,nan,nan,0.9320594479830149,0.5136986301369864,0.9169811320754717,nan,nan,nan,8,11
0.6160328813961574,0.8491428571428571,0.3528083397828613,0.38230746475547667,0.3364079628774534,nan,nan,nan,nan,0.9334763948497854,0.532051282051282,0.8893280632411067,nan,nan,nan,9,11
1.3028364522116525,0.5430932703659976,0.23267944680408806,0.4946633825944171,0.17674024198340732,nan,nan,nan,nan,nan,nan,nan,0.06944444444444445,0.6943462897526502,0.2966507177033493,10,11
1.3037752423967635,0.5587188612099644,0.18685702980743865,0.4255952380952381,0.14445111183244638,nan,nan,nan,nan,nan,nan,nan,0.03896103896103896,0.7193877551020408,0.25280898876404495,11,11
1.3996935146195548,0.561091340450771,0.2296001171598986,0.48752617333129056,0.1808649160365882,nan,nan,nan,nan,nan,nan,nan,0.0425531914893617,0.740072202166065,0.30256410256410254,12,11
1.253225292478289,0.5807600950118765,0.2316931554074201,0.48772321428571425,0.18128770952266157,nan,nan,nan,nan,nan,nan,nan,0.05263157894736842,0.7367521367521368,0.2983425414364641,13,11
1.2647740840911865,0.5743162901307967,0.2351361100354259,0.4957561728395062,0.18150939935286092,nan,nan,nan,nan,nan,nan,nan,0.056338028169014086,0.7208904109589042,0.3118279569892473,14,11
2.521700510611901,0.0036188178528347406,0.0018311350726870127,0.2,0.0009201232012903101,0.003284072249589491,0.0,0.0,0.005917159763313609,nan,nan,nan,nan,nan,nan,0,12
2.61590759570782,0.0048543689320388345,0.0027533500837520937,0.2,0.001388766032728881,0.0033613445378151263,0.0,0.0,0.010526315789473684,nan,nan,nan,nan,nan,nan,1,12
2.571514679835393,0.004878048780487805,0.004678362573099415,0.1111111111111111,0.0023894862604540027,0.0,0.0,0.0,0.021505376344086023,nan,nan,nan,nan,nan,nan,2,12
0.6025868015629905,0.8437146092865232,0.35654074724242607,0.3952968257679504,0.33438714655260293,nan,nan,nan,nan,0.9602649006622517,0.5723270440251572,0.8081180811808119,nan,nan,nan,3,12
0.6272470376321247,0.8323831242873432,0.3506962397843725,0.38846351016401953,0.32840338065952157,nan,nan,nan,nan,0.9445628997867804,0.5493827160493827,0.8048780487804879,nan,nan,nan,4,12
0.5493774499211993,0.8546910755148741,0.36110197703382496,0.39931500157895794,0.33936753565191374,nan,nan,nan,nan,0.9606126914660832,0.5679012345679012,0.8470588235294118,nan,nan,nan,5,12
0.6345463544130325,0.8377142857142857,0.3523711651931694,0.39119566333768846,0.3325962103739881,nan,nan,nan,nan,0.9666666666666667,0.5384615384615384,0.823045267489712,nan,nan,nan,6,12
0.6376856288739613,0.8399545970488081,0.35669790318664696,0.3910376124819171,0.3348267480606316,nan,nan,nan,nan,0.9541484716157205,0.618421052631579,0.7712177121771218,nan,nan,nan,7,12
0.5539199007408959,0.8684807256235828,0.36465783908680427,0.40242547583428856,0.3430073847846672,nan,nan,nan,nan,0.9660297239915074,0.5821917808219178,0.8528301886792453,nan,nan,nan,8,12
0.5913978219032288,0.8411428571428572,0.351930741156447,0.38539849624060146,0.33160903598485236,nan,nan,nan,nan,0.9463519313304721,0.5448717948717948,0.8300395256916996,nan,nan,nan,9,12
1.2772514820098877,0.5289256198347108,0.22267196036795248,0.42656500802568215,0.16529853920592252,nan,nan,nan,nan,nan,nan,nan,0.1111111111111111,0.6201413427561837,0.4258373205741627,10,12
1.292856582573482,0.5492289442467378,0.2351947613178961,0.45897694375516956,0.17923878778613933,nan,nan,nan,nan,nan,nan,nan,0.05194805194805195,0.6751700680272109,0.34831460674157305,11,12
1.3652069909232003,0.5456702253855279,0.1803302344517371,0.36751808626808624,0.1392197498330842,nan,nan,nan,nan,nan,nan,nan,0.05319148936170213,0.6913357400722022,0.36923076923076925,12,12
1.2220364894185747,0.5748218527315915,0.22627108045192343,0.42337992889463477,0.17106731270732434,nan,nan,nan,nan,nan,nan,nan,0.13157894736842105,0.6957264957264957,0.3701657458563536,13,12
1.2278255820274353,0.5541022592152199,0.21290963975544278,0.42711370262390674,0.16103988787638188,nan,nan,nan,nan,nan,nan,nan,0.07042253521126761,0.6643835616438356,0.3924731182795699,14,12
2.3647363369281473,0.019300361881785282,0.012346892993344799,0.2923076923076923,0.0063096938428503415,0.019704433497536946,0.02564102564102564,0.0,0.01775147928994083,nan,nan,nan,nan,nan,nan,0,13
2.447438148351816,0.010922330097087379,0.006461538461538461,0.18,0.0033038478549314463,0.0067226890756302525,0.0,0.0,0.02631578947368421,nan,nan,nan,nan,nan,nan,1,13
2.399198843882634,0.014634146341463415,0.00685953293830603,0.2,0.003492819513603233,0.013422818791946308,0.0,0.0,0.021505376344086023,nan,nan,nan,nan,nan,nan,2,13
0.6037577369383403,0.8437146092865232,0.3635222701291409,0.3943145679027162,0.34132950011958485,nan,nan,nan,nan,0.9227373068432672,0.6289308176100629,0.8376383763837638,nan,nan,nan,3,13
0.6204047139201846,0.8369441277080958,0.3602259100473976,0.3897583408061438,0.3382553064370458,nan,nan,nan,nan,0.9189765458422174,0.6358024691358025,0.8130081300813008,nan,nan,nan,4,13
0.5342932173183986,0.8649885583524027,0.37488434297161133,0.40370778546274483,0.352996408872326,nan,nan,nan,nan,0.9387308533916849,0.6851851851851852,0.8470588235294118,nan,nan,nan,5,13
0.633661476629121,0.8297142857142857,0.35674190631458214,0.39092861589581174,0.3353924969797985,nan,nan,nan,nan,0.9244444444444444,0.5879120879120879,0.8353909465020576,nan,nan,nan,6,13
0.6320455010448184,0.8354143019296254,0.361519424040602,0.3869692086346471,0.34132953397367316,nan,nan,nan,nan,0.9170305676855895,0.6973684210526315,0.7749077490774908,nan,nan,nan,7,13
0.5459845853703362,0.8764172335600907,0.3735189568298864,0.401568241190723,0.3537040926245991,nan,nan,nan,nan,0.9511677282377919,0.6643835616438356,0.8603773584905661,nan,nan,nan,8,13
0.5834676197596959,0.8571428571428571,0.3669731494740442,0.391553325216392,0.3482288533137572,nan,nan,nan,nan,0.9206008583690987,0.6474358974358975,0.8695652173913043,nan,nan,nan,9,13
1.1483845923628127,0.5974025974025974,0.2545880891565637,0.42291705764191534,0.19550153625846392,nan,nan,nan,nan,nan,nan,nan,0.19444444444444445,0.6908127208480566,0.48325358851674644,10,13
1.1455127894878387,0.6322657176749703,0.25755158842820064,0.4142347458861221,0.2013133430812862,nan,nan,nan,nan,nan,nan,nan,0.18181818181818182,0.7329931972789115,0.4943820224719101,11,13
1.2377466218812125,0.5848161328588375,0.22300589257056935,0.4185274958339646,0.17647549214489838,nan,nan,nan,nan,nan,nan,nan,0.06382978723404255,0.720216606498195,0.4512820512820513,12,13
1.1179265507629939,0.6270783847980997,0.26357668304719734,0.4213352751103627,0.2041622330369059,nan,nan,nan,nan,nan,nan,nan,0.23684210526315788,0.7282051282051282,0.46408839779005523,13,13
1.0978559255599976,0.6313912009512486,0.2482369526835104,0.4247791858678956,0.19552537644485263,nan,nan,nan,nan,nan,nan,nan,0.1267605633802817,0.7311643835616438,0.510752688172043,14,13
2.2590926518807044,0.03498190591073583,0.018819168173598556,0.29565217391304344,0.00972687789663917,0.0361247947454844,0.02564102564102564,0.0,0.03550295857988166,nan,nan,nan,nan,nan,nan,0,14
2.347075132223276,0.02669902912621359,0.01202463177165682,0.2,0.006205218929677134,0.025210084033613446,0.0,0.0,0.03684210526315789,nan,nan,nan,nan,nan,nan,1,14
2.309750666985145,0.03414634146341464,0.014061017290751671,0.2,0.0072869307931009595,0.03523489932885906,0.0,0.0,0.03763440860215054,nan,nan,nan,nan,nan,nan,2,14
0.6116968499762672,0.8425821064552661,0.31794478399020765,0.3492985172054157,0.2965317895088235,nan,nan,nan,nan,0.9271523178807947,0.6037735849056604,0.8413284132841329,nan,nan,nan,3,14
0.6261713994400842,0.8358038768529077,0.36177191595444097,0.3939362569797352,0.33817684066440284,nan,nan,nan,nan,0.9104477611940298,0.6234567901234568,0.8333333333333334,nan,nan,nan,4,14
0.5381313668830054,0.8615560640732265,0.3292173152866948,0.3564429660008037,0.3087013081429995,nan,nan,nan,nan,0.925601750547046,0.6851851851851852,0.8588235294117647,nan,nan,nan,5,14
0.6496685934918267,0.8262857142857143,0.31131761695906435,0.3444666304742753,0.29170883643105866,nan,nan,nan,nan,0.92,0.5659340659340659,0.8477366255144033,nan,nan,nan,6,14
0.6335737066609519,0.8399545970488081,0.3210321869374607,0.346259856766987,0.3012616760705644,nan,nan,nan,nan,0.9082969432314411,0.6973684210526315,0.8044280442804428,nan,nan,nan,7,14
0.550767549446651,0.8741496598639455,0.37300807115298945,0.4084041069844087,0.3497859728680247,nan,nan,nan,nan,0.9490445859872612,0.6164383561643836,0.8830188679245283,nan,nan,nan,8,14
0.5772438091891152,0.8594285714285714,0.36818356845311023,0.39507369394720937,0.34830486425933344,nan,nan,nan,nan,0.9206008583690987,0.6282051282051282,0.8893280632411067,nan,nan,nan,9,14
1.1031075034822737,0.6316410861865407,0.2649144642535257,0.42358587923192814,0.20928079782924494,nan,nan,nan,nan,nan,nan,nan,0.18055555555555555,0.7102473498233216,0.5741626794258373,10,14
1.0950811547892434,0.66073546856465,0.2298910154173312,0.3702344966049313,0.18326805952207234,nan,nan,nan,nan,nan,nan,nan,0.16883116883116883,0.7636054421768708,0.5337078651685393,11,14
1.1940254994801112,0.6239620403321471,0.21112311547872759,0.36526854928017716,0.17015909686237668,nan,nan,nan,nan,nan,nan,nan,0.09574468085106383,0.7527075812274369,0.5128205128205128,12,14
1.0677190848759242,0.6555819477434679,0.2633850716341839,0.4211274437153905,0.20838693631656705,nan,nan,nan,nan,nan,nan,nan,0.19736842105263158,0.764102564102564,0.4972375690607735,13,14
1.056203454732895,0.6587395957193817,0.22499917335331981,0.36882520103996613,0.18196167448793513,nan,nan,nan,nan,nan,nan,nan,0.1267605633802817,0.7482876712328768,0.5806451612903226,14,14
2.154448390007019,0.04825090470446321,0.023601167145719016,0.275,0.012388142361617163,0.05090311986863711,0.02564102564102564,0.0,0.047337278106508875,nan,nan,nan,nan,nan,nan,0,15
2.2366545475446262,0.04247572815533981,0.018687209115711763,0.196,0.009823087129588678,0.040336134453781515,0.0,0.0,0.05789473684210526,nan,nan,nan,nan,nan,nan,1,15
2.1992972722420325,0.05,0.026697512690355328,0.3,0.014005556758317095,0.04865771812080537,0.03225806451612903,0.0,0.05913978494623656,nan,nan,nan,nan,nan,nan,2,15
0.6589679632868085,0.8221970554926388,0.31347691872626254,0.35018371973836226,0.2892448157894049,nan,nan,nan,nan,0.891832229580574,0.5660377358490566,0.8560885608856088,nan,nan,nan,3,15
0.6698219520705087,0.8198403648802737,0.3145627697154415,0.35294178904669976,0.28865969866758606,nan,nan,nan,nan,0.8976545842217484,0.5864197530864198,0.8252032520325203,nan,nan,nan,4,15
0.581815779209137,0.8421052631578947,0.32291754534087913,0.35725962708254055,0.29900586217143477,nan,nan,nan,nan,0.9080962800875274,0.6172839506172839,0.8666666666666667,nan,nan,nan,5,15
0.7046406354222979,0.8137142857142857,0.3080253710228486,0.34679015228291904,0.2860908741464297,nan,nan,nan,nan,0.9066666666666666,0.521978021978022,0.8600823045267489,nan,nan,nan,6,15
0.6691503822803497,0.8172531214528944,0.3152268757487002,0.35099441052851277,0.2901359492579642,nan,nan,nan,nan,0.8842794759825328,0.625,0.8118081180811808,nan,nan,nan,7,15
0.5796942008393151,0.8503401360544217,0.31778099228860585,0.35396025020177563,0.29576330503391596,nan,nan,nan,nan,0.921443736730361,0.5616438356164384,0.8830188679245283,nan,nan,nan,8,15
0.6423473358154297,0.8388571428571429,0.3608017084882523,0.39630889923103857,0.3370459701398309,nan,nan,nan,nan,0.9034334763948498,0.5705128205128205,0.8853754940711462,nan,nan,nan,9,15
1.0949336673532213,0.6493506493506493,0.26713658614188257,0.4230374689558363,0.21092554305777295,nan,nan,nan,nan,nan,nan,nan,0.20833333333333334,0.7561837455830389,0.5119617224880383,10,15
1.0691063872405462,0.67497034400949,0.23194898733154334,0.3698275658578038,0.1847233658529806,nan,nan,nan,nan,nan,nan,nan,0.19480519480519481,0.79421768707483,0.4887640449438202,11,15
1.1968569244657243,0.6346381969157769,0.1840204469737817,0.324351011307533,0.14862671672718528,nan,nan,nan,nan,nan,nan,nan,0.09574468085106383,0.7906137184115524,0.4512820512820513,12,15
1.067307093313762,0.6900237529691211,0.2413669189196018,0.366183980493191,0.1933057960100705,nan,nan,nan,nan,nan,nan,nan,0.2631578947368421,0.8136752136752137,0.4696132596685083,13,15
1.0515330987317222,0.6789536266349584,0.22619141033689055,0.36810341291328247,0.18348288008356517,nan,nan,nan,nan,nan,nan,nan,0.14084507042253522,0.7893835616438356,0.5376344086021505,14,15
2.1344016240193295,0.06755126658624849,0.030569330278938146,0.2852836879432624,0.016297937252844414,0.0722495894909688,0.02564102564102564,0.0,0.0650887573964497,nan,nan,nan,nan,nan,nan,0,16
2.207817737872784,0.050970873786407765,0.02017488076311606,0.19411764705882353,0.010641309155241044,0.05378151260504202,0.0,0.0,0.05263157894736842,nan,nan,nan,nan,nan,nan,1,16
2.1703028770593495,0.06219512195121951,0.032268875511507436,0.3,0.01716280580212167,0.0587248322147651,0.03225806451612903,0.0,0.08064516129032258,nan,nan,nan,nan,nan,nan,2,16
0.6633717289992741,0.8176670441676104,0.35876455677970503,0.40259043307372544,0.3289877699833745,nan,nan,nan,nan,0.8940397350993378,0.5786163522012578,0.8302583025830258,nan,nan,nan,3,16
0.6754753717354366,0.8209806157354618,0.316390105802612,0.3547253032802711,0.2896947784628285,nan,nan,nan,nan,0.8976545842217484,0.5987654320987654,0.8211382113821138,nan,nan,nan,4,16
0.5799341350793839,0.8375286041189931,0.319904472618575,0.35891291474272524,0.2940565860836595,nan,nan,nan,nan,0.9212253829321663,0.5802469135802469,0.8509803921568627,nan,nan,nan,5,16
0.6887289753981999,0.8068571428571428,0.3080758230953137,0.34974438288196674,0.2833492741826075,nan,nan,nan,nan,0.9066666666666666,0.532967032967033,0.8271604938271605,nan,nan,nan,6,16
0.6796877660921642,0.811577752553916,0.3143185349908906,0.3515543071161049,0.28743747461032415,nan,nan,nan,nan,0.8930131004366813,0.631578947368421,0.7749077490774908,nan,nan,nan,7,16
0.5797270429985864,0.8560090702947846,0.3219875972389477,0.35650782060562547,0.29942521095605057,nan,nan,nan,nan,0.9278131634819533,0.5958904109589042,0.8716981132075472,nan,nan,nan,8,16
0.6348592915705272,0.8308571428571428,0.3598053862436498,0.3971969740277063,0.33386767800837586,nan,nan,nan,nan,0.8969957081545065,0.5705128205128205,0.8695652173913043,nan,nan,nan,9,16
1.0864068482603346,0.6505312868949232,0.2734473777418563,0.4227314897060856,0.21678983302565227,nan,nan,nan,nan,nan,nan,nan,0.2222222222222222,0.7402826855123675,0.5550239234449761,10,16
1.0642553056989397,0.6714116251482799,0.2336050078791111,0.3622209759610059,0.18598606449730046,nan,nan,nan,nan,nan,nan,nan,0.2077922077922078,0.7857142857142857,0.4943820224719101,11,16
1.1875214917319161,0.6405693950177936,0.19269949928289376,0.3225905061356391,0.1555278511419536,nan,nan,nan,nan,nan,nan,nan,0.1276595744680851,0.779783393501805,0.49230769230769234,12,16
1.0493123063019343,0.6947743467933492,0.24598078897200035,0.36744505494505497,0.19749928857772708,nan,nan,nan,nan,nan,nan,nan,0.27631578947368424,0.811965811965812,0.49171270718232046,13,16
1.044078882251467,0.6706302021403091,0.23466061313157502,0.37027313115301186,0.18799816501009295,nan,nan,nan,nan,nan,nan,nan,0.18309859154929578,0.7671232876712328,0.553763440860215,14,16
2.15199783215156,0.06996381182147166,0.03116161616161616,0.2901960784313725,0.016626344477803364,0.0755336617405583,0.02564102564102564,0.0,0.0650887573964497,nan,nan,nan,nan,nan,nan,0,17
2.226735995366023,0.05218446601941747,0.021104003790570956,0.19142857142857142,0.011167624944714728,0.05378151260504202,0.0,0.0,0.05789473684210526,nan,nan,nan,nan,nan,nan,1,17
2.180577039718628,0.06585365853658537,0.027208837701257493,0.2,0.014608140290106084,0.06543624161073826,0.0,0.0,0.08064516129032258,nan,nan,nan,nan,nan,nan,2,17
0.6771925815514156,0.8108720271800679,0.3130483802399514,0.35041025151319266,0.28602577385264044,nan,nan,nan,nan,0.8984547461368654,0.6037735849056604,0.7859778597785978,nan,nan,nan,3,17
0.6767577486378806,0.82212086659065,0.31653529820567683,0.34996589209138196,0.29130054656386417,nan,nan,nan,nan,0.9019189765458422,0.6358024691358025,0.7926829268292683,nan,nan,nan,4,17
0.5772072396108082,0.8546910755148741,0.32865213391350195,0.35908701760721773,0.30539152122474733,nan,nan,nan,nan,0.9321663019693655,0.691358024691358,0.8196078431372549,nan,nan,nan,5,17
0.6786656039101737,0.8217142857142857,0.31696444450552297,0.3520208534280136,0.29208519875186545,nan,nan,nan,nan,0.9133333333333333,0.6208791208791209,0.8024691358024691,nan,nan,nan,6,17
0.7020670856748309,0.8081725312145289,0.31562098044724285,0.3481486716706492,0.29040262036296527,nan,nan,nan,nan,0.888646288209607,0.7039473684210527,0.7306273062730627,nan,nan,nan,7,17
0.5872957791600909,0.8560090702947846,0.32397092530195587,0.3562832728372656,0.30114123697592987,nan,nan,nan,nan,0.9299363057324841,0.6301369863013698,0.8490566037735849,nan,nan,nan,8,17
0.6342188354049411,0.8274285714285714,0.3177234811474593,0.3461059483895543,0.2950974081898695,nan,nan,nan,nan,0.8927038626609443,0.6538461538461539,0.8142292490118577,nan,nan,nan,9,17
1.0863275868552071,0.6387249114521841,0.274155543018689,0.4220684884123141,0.21599758444188424,nan,nan,nan,nan,nan,nan,nan,0.2361111111111111,0.7208480565371025,0.5550239234449761,10,17
1.0589765012264252,0.67497034400949,0.24568614672979,0.36554532307587917,0.19514676401714925,nan,nan,nan,nan,nan,nan,nan,0.2727272727272727,0.7772108843537415,0.5112359550561798,11,17
1.1803869264466422,0.6298932384341637,0.21774756914943832,0.3636332973556395,0.17404230207920968,nan,nan,nan,nan,nan,nan,nan,0.13829787234042554,0.7617328519855595,0.49230769230769234,12,17
1.0395091346332006,0.6971496437054632,0.2576432605534195,0.36856849747474746,0.20746634568784902,nan,nan,nan,nan,nan,nan,nan,0.32894736842105265,0.7948717948717948,0.5359116022099447,13,17
1.0406982047217233,0.667063020214031,0.23205296003304604,0.3697334368530021,0.18626752135289273,nan,nan,nan,nan,nan,nan,nan,0.16901408450704225,0.761986301369863,0.5591397849462365,14,17
2.1233457235189586,0.08443908323281062,0.03602711936792654,0.29333333333333333,0.01945181255526083,0.09195402298850575,0.02564102564102564,0.0,0.07692307692307693,nan,nan,nan,nan,nan,nan,0,18
2.200502028832069,0.08009708737864078,0.030374887082204156,0.19622641509433963,0.016466165413533834,0.08571428571428572,0.0,0.0,0.07894736842105263,nan,nan,nan,nan,nan,nan,1,18
2.140004112170293,0.07804878048780488,0.03479520279415654,0.3,0.018604315508407306,0.08389261744966443,0.03225806451612903,0.0,0.06989247311827956,nan,nan,nan,nan,nan,nan,2,18
0.6652651344026838,0.8108720271800679,0.3582851861086857,0.40313948271993516,0.32709562239586265,nan,nan,nan,nan,0.8807947019867549,0.5786163522012578,0.8302583025830258,nan,nan,nan,3,18
0.679371755037989,0.82212086659065,0.31718544847507224,0.35407623237790664,0.290707988962145,nan,nan,nan,nan,0.8955223880597015,0.6049382716049383,0.8252032520325203,nan,nan,nan,4,18
0.5747773072549275,0.8432494279176201,0.3242924296847573,0.36020102444104385,0.2989107746997008,nan,nan,nan,nan,0.9168490153172867,0.6234567901234568,0.8509803921568627,nan,nan,nan,5,18
0.687038025685719,0.816,0.31371666842436724,0.3506678704723238,0.2896178718400941,nan,nan,nan,nan,0.8977777777777778,0.5714285714285714,0.8477366255144033,nan,nan,nan,6,18
0.6821451038122177,0.8104426787741204,0.31700920367730573,0.35211365822718715,0.29027287593894097,nan,nan,nan,nan,0.8799126637554585,0.6710526315789473,0.7712177121771218,nan,nan,nan,7,18
0.5714603662490845,0.8560090702947846,0.32318161885173907,0.35823729314420805,0.29980967722640467,nan,nan,nan,nan,0.9278131634819533,0.6027397260273972,0.8679245283018868,nan,nan,nan,8,18
0.6380209348031453,0.8274285714285714,0.3155910172599985,0.34780580633357966,0.2924769607452944,nan,nan,nan,nan,0.8884120171673819,0.5897435897435898,0.8616600790513834,nan,nan,nan,9,18
1.0345234402588435,0.6776859504132231,0.2812407947139975,0.42295620122671124,0.22605122802723696,nan,nan,nan,nan,nan,nan,nan,0.2361111111111111,0.7720848056537103,0.5741626794258373,10,18
1.0134308721338,0.7117437722419929,0.2552420745456957,0.36430237605845217,0.2075546510739127,nan,nan,nan,nan,nan,nan,nan,0.2857142857142857,0.8129251700680272,0.5617977528089888,11,18
1.147652166230338,0.6619217081850534,0.19458959479499452,0.3227429498884155,0.1596334439102701,nan,nan,nan,nan,nan,nan,nan,0.11702127659574468,0.8068592057761733,0.5128205128205128,12,18
1.0102371530873435,0.7090261282660333,0.2539829424618641,0.367412660372291,0.2057871095254782,nan,nan,nan,nan,nan,nan,nan,0.3026315789473684,0.8188034188034188,0.5248618784530387,13,18
0.9919599550110954,0.703923900118906,0.2388414780070151,0.3691644222136719,0.19610880872953143,nan,nan,nan,nan,nan,nan,nan,0.16901408450704225,0.803082191780822,0.5967741935483871,14,18
2.1060484372652493,0.09408926417370325,0.03964754309235914,0.29253731343283584,0.0216204661828004,0.10180623973727422,0.02564102564102564,0.0,0.08875739644970414,nan,nan,nan,nan,nan,nan,0,19
2.1808190712561975,0.08859223300970874,0.03417885795186408,0.19649122807017544,0.018717381689517913,0.09243697478991597,0.0,0.0,0.09473684210526316,nan,nan,nan,nan,nan,nan,1,19
2.114116384432866,0.09146341463414634,0.039190640309900875,0.3,0.021189651439705564,0.09899328859060402,0.03225806451612903,0.0,0.08064516129032258,nan,nan,nan,nan,nan,nan,2,19
0.6860969279493604,0.8040770101925255,0.3114072308765403,0.35226149471822216,0.2833472733702721,nan,nan,nan,nan,0.8741721854304636,0.5660377358490566,0.8265682656826568,nan,nan,nan,3,19
0.7036595280681338,0.814139110604333,0.31576303610142503,0.3546836226022856,0.2878540257802483,nan,nan,nan,nan,0.8869936034115139,0.5987654320987654,0.8170731707317073,nan,nan,nan,4,19
0.5942625445978982,0.834096109839817,0.32203423277010945,0.36053753637695607,0.2952283450052361,nan,nan,nan,nan,0.9059080962800875,0.6049382716049383,0.8509803921568627,nan,nan,nan,5,19
0.7081337698868343,0.8,0.31006833659648836,0.35174907252372045,0.28314633925745036,nan,nan,nan,nan,0.8844444444444445,0.5494505494505495,0.831275720164609,nan,nan,nan,6,19
0.7064971327781677,0.8047673098751419,0.3167790679985802,0.352557696205097,0.2892693609264868,nan,nan,nan,nan,0.868995633187773,0.6776315789473685,0.7675276752767528,nan,nan,nan,7,19
0.5878874765975135,0.8469387755102041,0.3227710209126371,0.3591002718964772,0.2978646959143368,nan,nan,nan,nan,0.9129511677282378,0.6095890410958904,0.8603773584905661,nan,nan,nan,8,19
0.6596279953207288,0.8194285714285714,0.31520067116697703,0.35005232249867446,0.29014761673606604,nan,nan,nan,nan,0.8776824034334764,0.5897435897435898,0.8537549407114624,nan,nan,nan,9,19
1.0105114706924982,0.6847697756788665,0.2523024907509052,0.3698467351929831,0.20291122589104732,nan,nan,nan,nan,nan,nan,nan,0.2777777777777778,0.7809187279151943,0.5645933014354066,10,19
0.9903595702988761,0.7259786476868327,0.22914379680651978,0.3247154080487414,0.18714412333994998,nan,nan,nan,nan,nan,nan,nan,0.2987012987012987,0.8350340136054422,0.550561797752809,11,19
1.129787598337446,0.6714116251482799,0.1985687982115286,0.3225208899627504,0.16283164054114202,nan,nan,nan,nan,nan,nan,nan,0.13829787234042554,0.8194945848375451,0.5076923076923077,12,19
0.9893970021179744,0.7209026128266033,0.25844034496677737,0.3677114151873767,0.21030905239795905,nan,nan,nan,nan,nan,nan,nan,0.32894736842105265,0.8341880341880342,0.5193370165745856,13,19
0.9701690886701856,0.7158145065398336,0.24135247553922254,0.3691919191919192,0.19842173622823997,nan,nan,nan,nan,nan,nan,nan,0.18309859154929578,0.8236301369863014,0.5806451612903226,14,19
2.1133453845977783,0.10132689987937274,0.040505524486154784,0.29324324324324325,0.02217817549382536,0.11330049261083744,0.02564102564102564,0.0,0.08284023668639054,nan,nan,nan,nan,nan,nan,0,20
2.1892724403968225,0.09344660194174757,0.03524014755834764,0.19307017543859648,0.019389650597080938,0.09915966386554621,0.0,0.0,0.09473684210526316,nan,nan,nan,nan,nan,nan,1,20
2.118338731619028,0.10121951219512196,0.04192304906047299,0.2926251097453907,0.022901782492603016,0.11073825503355705,0.03225806451612903,0.0,0.08602150537634409,nan,nan,nan,nan,nan,nan,2,20
0.6862900725432804,0.8086070215175538,0.31448444159199973,0.3545398604147637,0.2863066110356218,nan,nan,nan,nan,0.8763796909492274,0.5911949685534591,0.8228782287822878,nan,nan,nan,3,20
0.7049323001078197,0.8118586088939567,0.31455778464866657,0.3545394334260864,0.2863108159037051,nan,nan,nan,nan,0.8869936034115139,0.5864197530864198,0.8170731707317073,nan,nan,nan,4,20
0.5933867075613567,0.8375286041189931,0.32172541320968134,0.3591371094833242,0.2956155677280232,nan,nan,nan,nan,0.9168490153172867,0.6049382716049383,0.8431372549019608,nan,nan,nan,5,20
0.7116530111857823,0.8057142857142857,0.31047533880194333,0.3519019027003325,0.28442703387147833,nan,nan,nan,nan,0.8933333333333333,0.5384615384615384,0.8436213991769548,nan,nan,nan,6,20
0.7068664388997214,0.8047673098751419,0.31675121812641116,0.35281814467122086,0.28909657596633426,nan,nan,nan,nan,0.8668122270742358,0.6710526315789473,0.7749077490774908,nan,nan,nan,7,20
0.5859473475388118,0.8412698412698413,0.3196122777632052,0.3568354656627046,0.294559111869128,nan,nan,nan,nan,0.910828025477707,0.589041095890411,0.8566037735849057,nan,nan,nan,8,20
0.6586381729160037,0.8182857142857143,0.3140633195644269,0.34832066236123116,0.2892018839840262,nan,nan,nan,nan,0.8819742489270386,0.5897435897435898,0.841897233201581,nan,nan,nan,9,20
0.9924302995204926,0.7036599763872491,0.26021282545107793,0.3702284946236559,0.21136151124411307,nan,nan,nan,nan,nan,nan,nan,0.3055555555555556,0.7968197879858657,0.5885167464114832,10,20
0.97594667332513,0.730723606168446,0.22968181789248604,0.324951520464341,0.18789998123866503,nan,nan,nan,nan,nan,nan,nan,0.2987012987012987,0.8418367346938775,0.550561797752809,11,20
1.1161148335252489,0.6832740213523132,0.20140198060919376,0.3220606219426974,0.1658187277896933,nan,nan,nan,nan,nan,nan,nan,0.14893617021276595,0.8357400722021661,0.5076923076923077,12,20
0.9756444139139993,0.7256532066508313,0.2566861261204327,0.36758237956868095,0.20973242755919405,nan,nan,nan,nan,nan,nan,nan,0.3026315789473684,0.8393162393162393,0.5359116022099447,13,20
0.9544755305562701,0.727705112960761,0.2410183692725898,0.3692956349206349,0.19993162873247736,nan,nan,nan,nan,nan,nan,nan,0.16901408450704225,0.839041095890411,0.5913978494623656,14,20
2.1162182826262255,0.1158021712907117,0.04360989896607305,0.2941860465116279,0.024148618843579057,0.1330049261083744,0.02564102564102564,0.0,0.08284023668639054,nan,nan,nan,nan,nan,nan,0,21
2.1942561773153453,0.10315533980582524,0.037436041770407096,0.19326625386996904,0.020734188412206988,0.11260504201680673,0.0,0.0,0.09473684210526316,nan,nan,nan,nan,nan,nan,1,21
2.1161283804820132,0.11463414634146342,0.046132404181184666,0.2934210526315789,0.025487118423901278,0.12583892617449666,0.03225806451612903,0.0,0.0967741935483871,nan,nan,nan,nan,nan,nan,2,21
0.6924668209893363,0.8108720271800679,0.3156211138408821,0.35490143929912393,0.28773934559288117,nan,nan,nan,nan,0.8741721854304636,0.5974842767295597,0.8302583025830258,nan,nan,nan,3,21
0.7114462362868446,0.8095781071835804,0.31422488191718345,0.35618551279143534,0.2850310808841327,nan,nan,nan,nan,0.8869936034115139,0.5802469135802469,0.8130081300813008,nan,nan,nan,4,21
0.5955798732382911,0.8398169336384439,0.3228634850166482,0.35972896440129454,0.2968773687447262,nan,nan,nan,nan,0.9168490153172867,0.6111111111111112,0.8470588235294118,nan,nan,nan,5,21
0.7178480540003095,0.8034285714285714,0.30931411614686394,0.3518038634846462,0.28305340749785196,nan,nan,nan,nan,0.8933333333333333,0.5274725274725275,0.8436213991769548,nan,nan,nan,6,21
0.7147863336971828,0.8024971623155505,0.315825323891273,0.35325123386056245,0.287451839124229,nan,nan,nan,nan,0.8668122270742358,0.6578947368421053,0.7749077490774908,nan,nan,nan,7,21
0.5877884541239057,0.8424036281179138,0.321179411328479,0.3574213307608854,0.2962123531868261,nan,nan,nan,nan,0.9065817409766455,0.6027397260273972,0.8603773584905661,nan,nan,nan,8,21
0.6648850845439094,0.8171428571428572,0.3142297685945123,0.34928899227692944,0.28870781283778113,nan,nan,nan,nan,0.8819742489270386,0.5897435897435898,0.8379446640316206,nan,nan,nan,9,21
0.9769434630870819,0.7154663518299882,0.2615638355873809,0.37030772495755515,0.21356999180948408,nan,nan,nan,nan,nan,nan,nan,0.3055555555555556,0.8144876325088339,0.5885167464114832,10,21
0.9616068431309291,0.7354685646500593,0.23201119807036616,0.3249455337690632,0.19034513135636733,nan,nan,nan,nan,nan,nan,nan,0.3116883116883117,0.8452380952380952,0.5561797752808989,11,21
1.1067661472729273,0.6844602609727165,0.20123261590902106,0.32140443890015075,0.16601928936209603,nan,nan,nan,nan,nan,nan,nan,0.14893617021276595,0.8375451263537906,0.5076923076923077,12,21
0.9639888107776642,0.7339667458432304,0.25781471003552464,0.3672013487475915,0.21170508657605194,nan,nan,nan,nan,nan,nan,nan,0.3026315789473684,0.8495726495726496,0.5414364640883977,13,21
0.9422587496893746,0.7360285374554102,0.24249161027672334,0.3688931232190064,0.20234592023343478,nan,nan,nan,nan,nan,nan,nan,0.16901408450704225,0.8476027397260274,0.6021505376344086,14,21
2.120781742609464,0.12545235223160434,0.05088212869662034,0.29456521739130437,0.028289659058889825,0.14285714285714285,0.05128205128205128,0.0,0.08875739644970414,nan,nan,nan,nan,nan,nan,0,22
2.1994518591807437,0.1104368932038835,0.03904849772208753,0.19338549075391182,0.021742591773551527,0.1226890756302521,0.0,0.0,0.09473684210526316,nan,nan,nan,nan,nan,nan,1,22
2.11635199876932,0.11829268292682926,0.046887898686679176,0.29223684210526313,0.025990474128599263,0.13087248322147652,0.03225806451612903,0.0,0.0967741935483871,nan,nan,nan,nan,nan,nan,2,22
0.6977996911321368,0.8097395243488109,0.3151361138865938,0.3551130027695664,0.28695318207086856,nan,nan,nan,nan,0.8741721854304636,0.5911949685534591,0.8302583025830258,nan,nan,nan,3,22
0.7172208683831351,0.8072976054732041,0.31300399892797814,0.3546147485680276,0.2839929514256052,nan,nan,nan,nan,0.8848614072494669,0.5740740740740741,0.8130081300813008,nan,nan,nan,4,22
0.5988731937749046,0.8352402745995423,0.3213750505639501,0.35960099082551034,0.29478711291632304,nan,nan,nan,nan,0.912472647702407,0.5987654320987654,0.8470588235294118,nan,nan,nan,5,22
0.7240706001009259,0.7988571428571428,0.3092194332410271,0.3533936192915066,0.28164145525256634,nan,nan,nan,nan,0.8888888888888888,0.532967032967033,0.831275720164609,nan,nan,nan,6,22
0.7207737692764827,0.8047673098751419,0.3173869747440451,0.3541886678589542,0.28909657596633426,nan,nan,nan,nan,0.8668122270742358,0.6710526315789473,0.7749077490774908,nan,nan,nan,7,22
0.5878014181341443,0.8492063492063492,0.3238275696556221,0.3581166160601563,0.2995770246814601,nan,nan,nan,nan,0.9129511677282378,0.6232876712328768,0.8603773584905661,nan,nan,nan,8,22
0.6689069845846721,0.8182857142857143,0.31392434413396053,0.34829174040592464,0.28897605318112873,nan,nan,nan,nan,0.8841201716738197,0.5897435897435898,0.8379446640316206,nan,nan,nan,9,22
0.9631874987057277,0.7213695395513577,0.2618871817208479,0.37034548619914476,0.2142969940243048,nan,nan,nan,nan,nan,nan,nan,0.3055555555555556,0.8250883392226148,0.583732057416268,10,22
0.9504349529743195,0.7449584816132859,0.23360267183796596,0.3247907527507027,0.19272735765512655,nan,nan,nan,nan,nan,nan,nan,0.3116883116883117,0.8554421768707483,0.5674157303370787,11,22
1.0961801665169852,0.6998813760379596,0.20378107970440407,0.3214839526766132,0.16973430679552498,nan,nan,nan,nan,nan,nan,nan,0.14893617021276595,0.855595667870036,0.5230769230769231,12,22
0.9533611365727016,0.7422802850356295,0.26289307684952634,0.36772628798388474,0.21653986884977,nan,nan,nan,nan,nan,nan,nan,0.32894736842105265,0.8564102564102564,0.5469613259668509,13,22
0.9315642714500427,0.7407847800237812,0.2155532345684416,0.32889369059581824,0.17980984958868612,nan,nan,nan,nan,nan,nan,nan,0.16901408450704225,0.8578767123287672,0.5913978494623656,14,22
2.1281004410523634,0.13268998793727382,0.05385127029032817,0.2947916666666667,0.03012990546147045,0.14942528735632185,0.05128205128205128,0.0,0.10059171597633136,nan,nan,nan,nan,nan,nan,0,23
2.2076480847138624,0.12014563106796117,0.04233012703665274,0.1927689594356261,0.02380362671384343,0.13277310924369748,0.0,0.0,0.10526315789473684,nan,nan,nan,nan,nan,nan,1,23
2.1188253531089196,0.12073170731707317,0.04740979566875315,0.2922978177150192,0.026326044598397925,0.1342281879194631,0.03225806451612903,0.0,0.0967741935483871,nan,nan,nan,nan,nan,nan,2,23
0.703601062297821,0.8097395243488109,0.3146739362530816,0.3550680059257746,0.28644295673870146,nan,nan,nan,nan,0.8763796909492274,0.5849056603773585,0.8302583025830258,nan,nan,nan,3,23
0.7239933716399329,0.8072976054732041,0.31300399892797814,0.3546147485680276,0.2839929514256052,nan,nan,nan,nan,0.8848614072494669,0.5740740740740741,0.8130081300813008,nan,nan,nan,4,23
0.6032035265650068,0.8375286041189931,0.3221120872591461,0.3599323650279699,0.2956155677280232,nan,nan,nan,nan,0.9168490153172867,0.6049382716049383,0.8431372549019608,nan,nan,nan,5,23
0.7305706441402435,0.7965714285714286,0.3091099388227032,0.3543404342841139,0.2810858996970108,nan,nan,nan,nan,0.8844444444444445,0.532967032967033,0.831275720164609,nan,nan,nan,6,23
0.727806785276958,0.8036322360953462,0.31645716778607147,0.3533313679245283,0.2882742075452816,nan,nan,nan,nan,0.8668122270742358,0.6644736842105263,0.7749077490774908,nan,nan,nan,7,23
0.5897973413978305,0.8469387755102041,0.3230334596267439,0.3580569977691084,0.2984554675165821,nan,nan,nan,nan,0.910828025477707,0.6164383561643836,0.8603773584905661,nan,nan,nan,8,23
0.6752546450921467,0.816,0.3130063533734486,0.34813763545204596,0.28768069998360163,nan,nan,nan,nan,0.8841201716738197,0.5833333333333334,0.83399209486166,nan,nan,nan,9,23
0.9520461644445147,0.7284533648170012,0.26302028102044284,0.37039111243860345,0.21599932043139222,nan,nan,nan,nan,nan,nan,nan,0.3055555555555556,0.833922261484099,0.5885167464114832,10,23
0.9405302149908883,0.7473309608540926,0.23313681670020595,0.3237187866599631,0.19267003135381947,nan,nan,nan,nan,nan,nan,nan,0.3116883116883117,0.8605442176870748,0.5617977528089888,11,23
1.088248359305518,0.7034400948991696,0.20581477986661276,0.32040692604072885,0.17168670203465503,nan,nan,nan,nan,nan,nan,nan,0.1595744680851064,0.8574007220216606,0.5282051282051282,12,23
0.9432565271854401,0.7482185273159145,0.2633039290337246,0.3673164191419142,0.21760824491814607,nan,nan,nan,nan,nan,nan,nan,0.32894736842105265,0.864957264957265,0.5469613259668509,13,23
0.9214228349072593,0.7479191438763377,0.22037258097488097,0.3287137712425069,0.18370077505013058,nan,nan,nan,nan,nan,nan,nan,0.19718309859154928,0.8647260273972602,0.5913978494623656,14,23
2.135111955495981,0.13872135102533173,0.06009072350049418,0.29494949494949496,0.0337783348393428,0.15435139573070608,0.07692307692307693,0.0,0.10650887573964497,nan,nan,nan,nan,nan,nan,0,24
2.214570458118732,0.12014563106796117,0.04229560298781213,0.19157955865272938,0.02380362671384343,0.13277310924369748,0.0,0.0,0.10526315789473684,nan,nan,nan,nan,nan,nan,1,24
2.1201223685191226,0.12195121951219512,0.04227013135351228,0.19142857142857142,0.0238056577902865,0.13590604026845637,0.0,0.0,0.10215053763440861,nan,nan,nan,nan,nan,nan,2,24
0.7108292749949864,0.8108720271800679,0.3149477705570162,0.35509054469245327,0.28690421135124755,nan,nan,nan,nan,0.8763796909492274,0.5849056603773585,0.8339483394833949,nan,nan,nan,3,24
0.7322025511945996,0.8072976054732041,0.31340133697794403,0.3551927323585874,0.2842345569866502,nan,nan,nan,nan,0.8827292110874201,0.5740740740740741,0.8170731707317073,nan,nan,nan,4,24
0.6089824395520347,0.8363844393592678,0.322101891504022,0.3599169397488725,0.29555871785459464,nan,nan,nan,nan,0.912472647702407,0.6049382716049383,0.8470588235294118,nan,nan,nan,5,24
0.7383519283362797,0.7954285714285714,0.3089539466203429,0.35432292786976366,0.28080812191923304,nan,nan,nan,nan,0.8822222222222222,0.532967032967033,0.831275720164609,nan,nan,nan,6,24
0.7362463963883263,0.8013620885357549,0.3164930317541636,0.35383268222080655,0.2879166848652513,nan,nan,nan,nan,0.8602620087336245,0.6644736842105263,0.7785977859778598,nan,nan,nan,7,24
0.593236410192081,0.8480725623582767,0.3242615970852297,0.3591157904186807,0.2995179372320349,nan,nan,nan,nan,0.9087048832271762,0.6232876712328768,0.8641509433962264,nan,nan,nan,8,24
0.6826858605657306,0.8102857142857143,0.31268464600605345,0.34969663492348657,0.28611366746396605,nan,nan,nan,nan,0.8755364806866953,0.5833333333333334,0.8300395256916996,nan,nan,nan,9,24
0.9413475521973201,0.7355371900826446,0.2638019409426722,0.37043502491476527,0.21732440877061485,nan,nan,nan,nan,nan,nan,nan,0.3055555555555556,0.8445229681978799,0.5885167464114832,10,24
0.9302345514297485,0.7497034400948992,0.2327678619970339,0.3233024254806433,0.19261270505251243,nan,nan,nan,nan,nan,nan,nan,0.3116883116883117,0.8656462585034014,0.5561797752808989,11,24
1.0808369176728385,0.7105575326215896,0.20813362381989833,0.32045591408141205,0.1738715429935954,nan,nan,nan,nan,nan,nan,nan,0.1702127659574468,0.8664259927797834,0.5282051282051282,12,24
0.9337204269000462,0.7529691211401425,0.2628761772672863,0.3673249347406651,0.21750908073058406,nan,nan,nan,nan,nan,nan,nan,0.32894736842105265,0.8752136752136752,0.5359116022099447,13,24
0.9116433986595699,0.7526753864447087,0.2204433400414763,0.32873900293255137,0.18405469724453002,nan,nan,nan,nan,nan,nan,nan,0.19718309859154928,0.8732876712328768,0.5860215053763441,14,24
2.1399831496752224,0.14837153196622438,0.06485045338801441,0.29514563106796116,0.03680201319458613,0.16091954022988506,0.07692307692307693,0.0,0.1301775147928994,nan,nan,nan,nan,nan,nan,0,25
2.2217260048939633,0.12257281553398058,0.04281596158275691,0.19166666666666665,0.024139761167624944,0.1361344537815126,0.0,0.0,0.10526315789473684,nan,nan,nan,nan,nan,nan,1,25
2.120265557215764,0.12682926829268293,0.04392103606566653,0.19178981937602627,0.024846647903586632,0.14093959731543623,0.0,0.0,0.10752688172043011,nan,nan,nan,nan,nan,nan,2,25
0.7176199214799064,0.8097395243488109,0.31492046690924885,0.355347115405845,0.28662827316140216,nan,nan,nan,nan,0.8741721854304636,0.5849056603773585,0.8339483394833949,nan,nan,nan,3,25
0.7381322788340705,0.806157354618016,0.31322073301961034,0.35543737871324077,0.2837264269053494,nan,nan,nan,nan,0.8827292110874201,0.5740740740740741,0.8130081300813008,nan,nan,nan,4,25
0.6131732761859894,0.8375286041189931,0.32251002005924073,0.3604696608373079,0.2958322408305246,nan,nan,nan,nan,0.9146608315098468,0.6049382716049383,0.8470588235294118,nan,nan,nan,5,25
0.7446512707642147,0.7908571428571428,0.3080297552836485,0.3545253397641721,0.2792879753990865,nan,nan,nan,nan,0.8755555555555555,0.5274725274725275,0.831275720164609,nan,nan,nan,6,25
0.7429082223347255,0.8013620885357549,0.3160578302480054,0.35379552443015116,0.2873672422083908,nan,nan,nan,nan,0.8624454148471615,0.6578947368421053,0.7785977859778598,nan,nan,nan,7,25
0.595557798232351,0.8514739229024944,0.3254455928357129,0.3594496351172048,0.3011111925101204,nan,nan,nan,nan,0.910828025477707,0.6301369863013698,0.8679245283018868,nan,nan,nan,8,25
0.6887912941830499,0.8137142857142857,0.3145844839274484,0.3507263763238357,0.2882103027127752,nan,nan,nan,nan,0.8755364806866953,0.5961538461538461,0.83399209486166,nan,nan,nan,9,25
0.9315458961895534,0.7378984651711924,0.2630133322173113,0.370445815388197,0.2166343906800946,nan,nan,nan,nan,nan,nan,nan,0.3055555555555556,0.8533568904593639,0.5741626794258373,10,25
0.9214222388608115,0.7591933570581257,0.23508010153417855,0.3233157274451648,0.1953784578182652,nan,nan,nan,nan,nan,nan,nan,0.3246753246753247,0.8775510204081632,0.5561797752808989,11,25
1.0742151566914149,0.7176749703440095,0.20908939099925317,0.32036620422447193,0.1754441514254096,nan,nan,nan,nan,nan,nan,nan,0.1702127659574468,0.8754512635379061,0.5333333333333333,12,25
0.9266385946954999,0.7577197149643705,0.2633592125431854,0.3673632233111787,0.2183637815852849,nan,nan,nan,nan,nan,nan,nan,0.32894736842105265,0.882051282051282,0.5359116022099447,13,25
0.9030790754726955,0.7586206896551724,0.22052134195703488,0.3285686469894284,0.184598878190832,nan,nan,nan,nan,nan,nan,nan,0.19718309859154928,0.8835616438356164,0.5806451612903226,14,25
2.1491037973990808,0.15560916767189384,0.0669748704921299,0.2953703703703704,0.038214747233314875,0.16912972085385877,0.07692307692307693,0.0,0.13609467455621302,nan,nan,nan,nan,nan,nan,0,26
2.231006200496967,0.125,0.04333326373955223,0.191749723145072,0.02447589562140646,0.13949579831932774,0.0,0.0,0.10526315789473684,nan,nan,nan,nan,nan,nan,1,26
2.1234867664483876,0.12682926829268293,0.04392103606566653,0.19178981937602627,0.024846647903586632,0.14093959731543623,0.0,0.0,0.10752688172043011,nan,nan,nan,nan,nan,nan,2,26
0.724921213729041,0.8074745186862967,0.3140504924638282,0.3550352983028442,0.2855661714495441,nan,nan,nan,nan,0.8719646799116998,0.5786163522012578,0.8339483394833949,nan,nan,nan,3,26
0.7459510373217719,0.8050171037628279,0.313114042058596,0.35515135633060163,0.28370150794613846,nan,nan,nan,nan,0.8784648187633263,0.5740740740740741,0.8170731707317073,nan,nan,nan,4,26
0.6187528414385659,0.8295194508009154,0.32105610981030913,0.36009491160934765,0.293484233794012,nan,nan,nan,nan,0.9037199124726477,0.6049382716049383,0.8392156862745098,nan,nan,nan,5,26
0.7514787912368774,0.7908571428571428,0.30826482268515293,0.35504467337174106,0.2792879753990865,nan,nan,nan,nan,0.8755555555555555,0.5274725274725275,0.831275720164609,nan,nan,nan,6,26
0.7508374622889927,0.8013620885357549,0.3166535356091277,0.355468219961451,0.2873672422083908,nan,nan,nan,nan,0.8624454148471615,0.6578947368421053,0.7785977859778598,nan,nan,nan,7,26
0.599661397082465,0.8480725623582767,0.3242843736593736,0.3588696046223152,0.29972424256392616,nan,nan,nan,nan,0.9065817409766455,0.6232876712328768,0.8679245283018868,nan,nan,nan,8,26
0.695755483848708,0.808,0.3126356300947345,0.3502311526452288,0.28557718677727073,nan,nan,nan,nan,0.871244635193133,0.5833333333333334,0.8300395256916996,nan,nan,nan,9,26
0.9216939806938171,0.7426210153482881,0.26316837995059367,0.3704722775564409,0.21714054483837822,nan,nan,nan,nan,nan,nan,nan,0.3055555555555556,0.8621908127208481,0.569377990430622,10,26
0.9132461888449532,0.7663107947805456,0.23571860694603963,0.3233551769619662,0.19651224466633777,nan,nan,nan,nan,nan,nan,nan,0.3246753246753247,0.8877551020408163,0.5561797752808989,11,26
1.06815082686288,0.7188612099644128,0.2092029719548174,0.32037608756665725,0.17564471299781234,nan,nan,nan,nan,nan,nan,nan,0.1702127659574468,0.8772563176895307,0.5333333333333333,12,26
0.9187057529176984,0.7684085510688836,0.26651976100482955,0.36723443223443225,0.22219485265792333,nan,nan,nan,nan,nan,nan,nan,0.34210526315789475,0.8940170940170941,0.5414364640883977,13,26
0.8939855822495052,0.760998810939358,0.2204542928282424,0.32878048031447693,0.18457228288142632,nan,nan,nan,nan,nan,nan,nan,0.19718309859154928,0.8886986301369864,0.5752688172043011,14,26
2.158411585367643,0.16164053075995174,0.0681195662912468,0.29473684210526313,0.039035765295712246,0.17733990147783252,0.07692307692307693,0.0,0.13609467455621302,nan,nan,nan,nan,nan,nan,0,27
2.2406277106358456,0.12864077669902912,0.04470151109146662,0.19204545454545455,0.025338345864661653,0.14285714285714285,0.0,0.0,0.11052631578947368,nan,nan,nan,nan,nan,nan,1,27
2.127826268856342,0.13414634146341464,0.04544849007523331,0.19201228878648233,0.02585335931298261,0.15100671140939598,0.0,0.0,0.10752688172043011,nan,nan,nan,nan,nan,nan,2,27
0.7304261326789856,0.8086070215175538,0.3143303465553767,0.3560724645871007,0.2855172007299231,nan,nan,nan,nan,0.8741721854304636,0.5723270440251572,0.8376383763837638,nan,nan,nan,3,27
0.752014913729259,0.8050171037628279,0.3135091351704061,0.3557275519720251,0.28394311350718343,nan,nan,nan,nan,0.8763326226012793,0.5740740740740741,0.8211382113821138,nan,nan,nan,4,27
0.6226731709071568,0.8283752860411899,0.3208959235311622,0.3603515426009799,0.29299403771558064,nan,nan,nan,nan,0.9037199124726477,0.6049382716049383,0.8352941176470589,nan,nan,nan,5,27
0.7572419004780906,0.7897142857142857,0.3083434443296035,0.3555515386404882,0.27901019762130874,nan,nan,nan,nan,0.8733333333333333,0.5274725274725275,0.831275720164609,nan,nan,nan,6,27
0.7573182263544628,0.8013620885357549,0.3166898451633075,0.3562599968210794,0.2870061283998843,nan,nan,nan,nan,0.8624454148471615,0.6513157894736842,0.7822878228782287,nan,nan,nan,7,27
0.6018112812723432,0.8469387755102041,0.323736840054946,0.359330750235201,0.2986617728484733,nan,nan,nan,nan,0.9087048832271762,0.6164383561643836,0.8641509433962264,nan,nan,nan,8,27
0.700990828020232,0.8057142857142857,0.31166647598872665,0.3512826499006056,0.28352296106891184,nan,nan,nan,nan,0.8755364806866953,0.5705128205128205,0.8221343873517787,nan,nan,nan,9,27
0.915752249104636,0.7449822904368358,0.2634221515211772,0.3704861111111111,0.21758224095145243,nan,nan,nan,nan,nan,nan,nan,0.3055555555555556,0.8657243816254417,0.569377990430622,10,27
0.9084853061607906,0.7686832740213523,0.23510535705498473,0.32333654341020823,0.19601966311436614,nan,nan,nan,nan,nan,nan,nan,0.3246753246753247,0.8945578231292517,0.5449438202247191,11,27
1.0655713549682073,0.7224199288256228,0.21000227842333105,0.3206740316578942,0.1766156367124183,nan,nan,nan,nan,nan,nan,nan,0.1702127659574468,0.8808664259927798,0.5384615384615384,12,27
0.9139670559338161,0.7707838479809976,0.23670562875355905,0.3264337362698018,0.1974624627236821,nan,nan,nan,nan,nan,nan,nan,0.34210526315789475,0.8991452991452992,0.5359116022099447,13,27
0.8895030532564435,0.760998810939358,0.2187236570711147,0.3287899189069941,0.18360470921962277,nan,nan,nan,nan,nan,nan,nan,0.18309859154929578,0.8886986301369864,0.5806451612903226,14,27
2.1675052917920627,0.16284680337756333,0.06835454485661668,0.29478260869565215,0.03919996890819172,0.17898193760262726,0.07692307692307693,0.0,0.13609467455621302,nan,nan,nan,nan,nan,nan,0,28
2.249816050896278,0.13228155339805825,0.04542995248688583,0.19110671936758894,0.02584254754533392,0.14789915966386555,0.0,0.0,0.11052631578947368,nan,nan,nan,nan,nan,nan,1,28
2.1324837391193094,0.13902439024390245,0.04768070683220352,0.19249427917620138,0.027264198599985568,0.15436241610738255,0.0,0.0,0.11827956989247312,nan,nan,nan,nan,nan,nan,2,28
0.7351880605731692,0.8074745186862967,0.31394004658239416,0.3560445436608211,0.2848706296946763,nan,nan,nan,nan,0.8763796909492274,0.5723270440251572,0.8302583025830258,nan,nan,nan,3,28
0.7570567258766719,0.8038768529076397,0.31299113515137855,0.35487835612423047,0.28367658898692755,nan,nan,nan,nan,0.8742004264392325,0.5740740740740741,0.8211382113821138,nan,nan,nan,4,28
0.6264188587665558,0.8283752860411899,0.3208959235311622,0.3603515426009799,0.29299403771558064,nan,nan,nan,nan,0.9037199124726477,0.6049382716049383,0.8352941176470589,nan,nan,nan,5,28
0.7608988966260638,0.7885714285714286,0.3082752154570268,0.35603814512576903,0.2784957943291277,nan,nan,nan,nan,0.8733333333333333,0.5274725274725275,0.8271604938271605,nan,nan,nan,6,28
0.7629718269620623,0.7979568671963677,0.3156414526707174,0.3561662502838973,0.28544957960209344,nan,nan,nan,nan,0.8602620087336245,0.6447368421052632,0.7785977859778598,nan,nan,nan,7,28
0.6045924893447331,0.8469387755102041,0.3228737289324302,0.35879195725033086,0.2978646959143368,nan,nan,nan,nan,0.9129511677282378,0.6095890410958904,0.8603773584905661,nan,nan,nan,8,28
0.7054943272045681,0.8045714285714286,0.3107943768321127,0.35065476190476186,0.2827216790176298,nan,nan,nan,nan,0.8755364806866953,0.5641025641025641,0.8221343873517787,nan,nan,nan,9,28
0.9107116801398141,0.7508854781582054,0.26441041821999867,0.3705220602589966,0.21906371930200272,nan,nan,nan,nan,nan,nan,nan,0.3055555555555556,0.872791519434629,0.5741626794258373,10,28
0.9043850345270974,0.7710557532621589,0.2353151932206294,0.3233493089762203,0.19639759206372367,nan,nan,nan,nan,nan,nan,nan,0.3246753246753247,0.8979591836734694,0.5449438202247191,11,28
1.062371437038694,0.7236061684460261,0.20994290582838498,0.3210395269218799,0.1764469592874232,nan,nan,nan,nan,nan,nan,nan,0.1702127659574468,0.8844765342960289,0.5333333333333333,12,28
0.9109636672905513,0.7755344418052257,0.2371244182109477,0.326467406636183,0.19822219681674952,nan,nan,nan,nan,nan,nan,nan,0.34210526315789475,0.905982905982906,0.5359116022099447,13,28
0.8859651429312569,0.7645659928656362,0.21895031357001318,0.3286102616377846,0.1841754854753305,nan,nan,nan,nan,nan,nan,nan,0.18309859154929578,0.8938356164383562,0.5806451612903226,14,28
2.175613045692444,0.16646562123039807,0.06897107093866353,0.29333333333333333,0.03969257974563014,0.1839080459770115,0.07692307692307693,0.0,0.13609467455621302,nan,nan,nan,nan,nan,nan,0,29
2.2579706815572886,0.1383495145631068,0.05258964414506362,0.291441647597254,0.02973020787262274,0.15294117647058825,0.02857142857142857,0.0,0.11578947368421053,nan,nan,nan,nan,nan,nan,1,29
2.1352160435456495,0.14146341463414633,0.048141968754739875,0.19157054125998224,0.027599769069784223,0.15771812080536912,0.0,0.0,0.11827956989247312,nan,nan,nan,nan,nan,nan,2,29
0.740393938762801,0.8108720271800679,0.3149086160336222,0.355926034644887,0.2863939860190805,nan,nan,nan,nan,0.8785871964679912,0.5786163522012578,0.8339483394833949,nan,nan,nan,3,29
0.7627325483730861,0.8038768529076397,0.31252328055879663,0.35481515082558845,0.2831715085689118,nan,nan,nan,nan,0.8763326226012793,0.5679012345679012,0.8211382113821138,nan,nan,nan,4,29
0.6302623855216163,0.8306636155606407,0.3216394543340703,0.3604136340841733,0.2940391656297822,nan,nan,nan,nan,0.9059080962800875,0.6111111111111112,0.8352941176470589,nan,nan,nan,5,29
0.7664406810488019,0.7874285714285715,0.3076367821043301,0.3565610357336251,0.2776365712476824,nan,nan,nan,nan,0.8733333333333333,0.5164835164835165,0.831275720164609,nan,nan,nan,6,29
0.7697528047221047,0.7979568671963677,0.3159290389244622,0.3572498791802592,0.2852767946419409,nan,nan,nan,nan,0.8580786026200873,0.6381578947368421,0.7859778597785978,nan,nan,nan,7,29
0.6078833788633347,0.8424036281179138,0.32219067501219756,0.35873593462594344,0.2965968194571802,nan,nan,nan,nan,0.9065817409766455,0.6095890410958904,0.8566037735849057,nan,nan,nan,8,29
0.7108457556792668,0.8068571428571428,0.3120754666958797,0.3508673469387755,0.2843242431201939,nan,nan,nan,nan,0.8755364806866953,0.5769230769230769,0.8221343873517787,nan,nan,nan,9,29
0.9049221575260162,0.7567886658795749,0.26310144455305745,0.37056227288805993,0.21865269653011424,nan,nan,nan,nan,nan,nan,nan,0.2916666666666667,0.8833922261484098,0.5741626794258373,10,29
0.9009750485420227,0.7734282325029656,0.23552428987555818,0.3233619811925723,0.1967755210130812,nan,nan,nan,nan,nan,nan,nan,0.3246753246753247,0.9013605442176871,0.5449438202247191,11,29
1.0603450323854173,0.7247924080664294,0.20995936348284008,0.3208395337301588,0.17664752085982593,nan,nan,nan,nan,nan,nan,nan,0.1702127659574468,0.8862815884476535,0.5333333333333333,12,29
0.9079395192010062,0.7779097387173397,0.2392488267700118,0.3264898533252964,0.2002980586628934,nan,nan,nan,nan,nan,nan,nan,0.35526315789473684,0.905982905982906,0.5414364640883977,13,29
0.8826139356408801,0.7681331747919143,0.21926713533198428,0.32863072408918625,0.18474626173103825,nan,nan,nan,nan,nan,nan,nan,0.18309859154929578,0.898972602739726,0.5806451612903226,14,29
2.183697672990652,0.1700844390832328,0.06966481264637002,0.2934959349593496,0.04018519058306856,0.18883415435139572,0.07692307692307693,0.0,0.13609467455621302,nan,nan,nan,nan,nan,nan,0,30
2.2656096861912656,0.14320388349514562,0.053550962047263596,0.2906521739130435,0.03040247678018576,0.15966386554621848,0.02857142857142857,0.0,0.11578947368421053,nan,nan,nan,nan,nan,nan,1,30
2.1389362536943874,0.1475609756097561,0.05058238761924837,0.19203960396039604,0.029178393591686513,0.16275167785234898,0.0,0.0,0.12903225806451613,nan,nan,nan,nan,nan,nan,2,30
0.7456801916871753,0.8086070215175538,0.3136475431989766,0.35579038624553805,0.2848216589750553,nan,nan,nan,nan,0.8785871964679912,0.5660377358490566,0.8339483394833949,nan,nan,nan,3,30
0.768356706414904,0.8038768529076397,0.31252328055879663,0.35481515082558845,0.2831715085689118,nan,nan,nan,nan,0.8763326226012793,0.5679012345679012,0.8211382113821138,nan,nan,nan,4,30
0.634405351110867,0.8295194508009154,0.32148911964322624,0.36039913445325483,0.29376564265385224,nan,nan,nan,nan,0.9037199124726477,0.6111111111111112,0.8352941176470589,nan,nan,nan,5,30
0.7706334974084582,0.7862857142857143,0.3074789550827457,0.35654374187640314,0.27735879346990455,nan,nan,nan,nan,0.8711111111111111,0.5164835164835165,0.831275720164609,nan,nan,nan,6,30
0.7751901767083577,0.7979568671963677,0.3159290389244622,0.3572498791802592,0.2852767946419409,nan,nan,nan,nan,0.8580786026200873,0.6381578947368421,0.7859778597785978,nan,nan,nan,7,30
0.6106159878628594,0.8424036281179138,0.32219067501219756,0.35873593462594344,0.2965968194571802,nan,nan,nan,nan,0.9065817409766455,0.6095890410958904,0.8566037735849057,nan,nan,nan,8,30
0.715739688702992,0.8057142857142857,0.31143745356214597,0.35076215022091306,0.28352296106891184,nan,nan,nan,nan,0.8755364806866953,0.5705128205128205,0.8221343873517787,nan,nan,nan,9,30
0.9009614246232169,0.7591499409681228,0.2633496132393038,0.3705754692805433,0.21909439264318845,nan,nan,nan,nan,nan,nan,nan,0.2916666666666667,0.8869257950530035,0.5741626794258373,10,30
0.8968415898936135,0.7734282325029656,0.23468243759762064,0.32332827924625573,0.19590501051175208,nan,nan,nan,nan,nan,nan,nan,0.3246753246753247,0.9047619047619048,0.5337078651685393,11,30
1.058201287473951,0.7247924080664294,0.20959150156643588,0.32077691726814533,0.1762782818624281,nan,nan,nan,nan,nan,nan,nan,0.1702127659574468,0.8880866425992779,0.5282051282051282,12,30
0.9055883927004678,0.7802850356294537,0.23945711942118672,0.3265065065065065,0.2006779257094271,nan,nan,nan,nan,nan,nan,nan,0.35526315789473684,0.9094017094017094,0.5414364640883977,13,30
0.8800642958709172,0.7705112960760999,0.21975648304257694,0.32844963395422117,0.18553389204805437,nan,nan,nan,nan,nan,nan,nan,0.18309859154929578,0.9006849315068494,0.5860215053763441,14,30
2.1909275696827817,0.1712907117008444,0.0704487473542738,0.2894959349593496,0.04077690655939993,0.18883415435139572,0.07692307692307693,0.0,0.14201183431952663,nan,nan,nan,nan,nan,nan,0,31
2.2724509055797872,0.14927184466019416,0.05537706291587002,0.291025641025641,0.03160106147722247,0.16638655462184873,0.02857142857142857,0.0,0.12105263157894737,nan,nan,nan,nan,nan,nan,1,31
2.141973073665912,0.1573170731707317,0.05360205261828479,0.1891188251001335,0.03126037381828679,0.17281879194630873,0.0,0.0,0.13978494623655913,nan,nan,nan,nan,nan,nan,2,31
0.7509601307766778,0.8086070215175538,0.31399731891623717,0.3565768234144684,0.2848216589750553,nan,nan,nan,nan,0.8785871964679912,0.5660377358490566,0.8339483394833949,nan,nan,nan,3,31
0.774425555552755,0.806157354618016,0.31295117417785995,0.35511786765905007,0.28370455760942354,nan,nan,nan,nan,0.8805970149253731,0.5679012345679012,0.8211382113821138,nan,nan,nan,4,31
0.6385843924113682,0.8283752860411899,0.32133844750077534,0.3603845680037607,0.29349211967792227,nan,nan,nan,nan,0.9015317286652079,0.6111111111111112,0.8352941176470589,nan,nan,nan,5,31
0.7752753027847835,0.7885714285714286,0.309381540276371,0.3582280953359057,0.2787324198435309,nan,nan,nan,nan,0.8711111111111111,0.5274725274725275,0.831275720164609,nan,nan,nan,6,31
0.7817327167306628,0.7968217934165721,0.31566583683288485,0.35774361848913416,0.28464275506924225,nan,nan,nan,nan,0.8558951965065502,0.631578947368421,0.7896678966789668,nan,nan,nan,7,31
0.6138048108134951,0.8458049886621315,0.3231360141251121,0.3588102204202141,0.29798376940337457,nan,nan,nan,nan,0.910828025477707,0.6164383561643836,0.8566037735849057,nan,nan,nan,8,31
0.7208918843950544,0.8057142857142857,0.31166647598872665,0.3512826499006056,0.28352296106891184,nan,nan,nan,nan,0.8755364806866953,0.5705128205128205,0.8221343873517787,nan,nan,nan,9,31
0.8966832458972931,0.7579693034238488,0.2628660542451065,0.3705668604651163,0.21849630651878651,nan,nan,nan,nan,nan,nan,nan,0.2916666666666667,0.8869257950530035,0.569377990430622,10,31
0.8934416813509805,0.7781731909845789,0.23509696833897203,0.3233531660387983,0.1966608684104671,nan,nan,nan,nan,nan,nan,nan,0.3246753246753247,0.9115646258503401,0.5337078651685393,11,31
1.0564442660127367,0.7236061684460261,0.20910815097058125,0.3207041171953453,0.17570848129262753,nan,nan,nan,nan,nan,nan,nan,0.1702127659574468,0.8880866425992779,0.5230769230769231,12,31
0.9032389181000846,0.7814726840855107,0.23947009211366904,0.3263235587472571,0.20086785923269396,nan,nan,nan,nan,nan,nan,nan,0.35526315789473684,0.9111111111111111,0.5414364640883977,13,31
0.8779472751276833,0.7705112960760999,0.21947741443470375,0.3286442405708461,0.18512677923484347,nan,nan,nan,nan,nan,nan,nan,0.18309859154929578,0.9023972602739726,0.5806451612903226,14,31
2.1959130397209754,0.17370325693606756,0.07095158396405918,0.2903548387096774,0.041105313784358874,0.1921182266009852,0.07692307692307693,0.0,0.14201183431952663,nan,nan,nan,nan,nan,nan,0,32
2.2769378882188063,0.1529126213592233,0.05611071171818836,0.29116043613707165,0.032105263157894734,0.17142857142857143,0.02857142857142857,0.0,0.12105263157894737,nan,nan,nan,nan,nan,nan,1,32
2.1429443451074452,0.1597560975609756,0.054661733615221995,0.18939974457215836,0.03196579346178827,0.174496644295302,0.0,0.0,0.14516129032258066,nan,nan,nan,nan,nan,nan,2,32
0.7564059857811246,0.8063420158550396,0.3136849763204663,0.35654549509366634,0.2842697825953644,nan,nan,nan,nan,0.8741721854304636,0.5660377358490566,0.8339483394833949,nan,nan,nan,3,32
0.7803520794425692,0.806157354618016,0.3124775645295481,0.3550522735124861,0.2831994771914078,nan,nan,nan,nan,0.8827292110874201,0.5617283950617284,0.8211382113821138,nan,nan,nan,4,32
0.6430394521781376,0.8260869565217391,0.32092941750091697,0.3600778711017093,0.29294507372606227,nan,nan,nan,nan,0.8971553610503282,0.6111111111111112,0.8352941176470589,nan,nan,nan,5,32
0.7801041219915662,0.7862857142857143,0.30824077767649316,0.35610664403742676,0.2779402387735721,nan,nan,nan,nan,0.8688888888888889,0.5274725274725275,0.8271604938271605,nan,nan,nan,6,32
0.7875911572149822,0.793416572077185,0.31429952302910946,0.35592761846255266,0.2834473200799579,nan,nan,nan,nan,0.8537117903930131,0.631578947368421,0.7822878228782287,nan,nan,nan,7,32
0.616813410605703,0.8469387755102041,0.3241820392297146,0.3601543064417195,0.2988399337869362,nan,nan,nan,nan,0.910828025477707,0.6232876712328768,0.8566037735849057,nan,nan,nan,8,32
0.7258896444525037,0.8045714285714286,0.3110233992586934,0.3511752615844544,0.2827216790176298,nan,nan,nan,nan,0.8755364806866953,0.5641025641025641,0.8221343873517787,nan,nan,nan,9,32
0.8933814295700618,0.7615112160566706,0.26359686617394035,0.37058856377038196,0.21953608875626265,nan,nan,nan,nan,nan,nan,nan,0.2916666666666667,0.8904593639575972,0.5741626794258373,10,32
0.8912926997457232,0.7793594306049823,0.23529172926992928,0.3235540902903555,0.19684983288514588,nan,nan,nan,nan,nan,nan,nan,0.3246753246753247,0.9132653061224489,0.5337078651685393,11,32
1.0553484942231859,0.727164887307236,0.2098155506655296,0.32079458098875574,0.17667940500723356,nan,nan,nan,nan,nan,nan,nan,0.1702127659574468,0.8916967509025271,0.5282051282051282,12,32
0.9018168789999825,0.7838479809976246,0.23926372544467256,0.326326759660093,0.2008237862604442,nan,nan,nan,nan,nan,nan,nan,0.35526315789473684,0.9162393162393162,0.5359116022099447,13,32
0.8758424988814763,0.7705112960760999,0.2191031378136309,0.3286415230859675,0.18471966642163254,nan,nan,nan,nan,nan,nan,nan,0.18309859154929578,0.9041095890410958,0.5752688172043011,14,32
2.2032052737015944,0.1773220747889023,0.0757278715849802,0.29044444444444445,0.04399782357342039,0.19540229885057472,0.10256410256410256,0.0,0.14201183431952663,nan,nan,nan,nan,nan,nan,0,33
2.2831877011519213,0.15898058252427186,0.058490937746256896,0.29160839160839164,0.03366209641751437,0.17647058823529413,0.02857142857142857,0.0,0.13157894736842105,nan,nan,nan,nan,nan,nan,1,33
2.145964631667504,0.16463414634146342,0.0561946670857562,0.18972972972972973,0.033006783575088405,0.17953020134228187,0.0,0.0,0.15053763440860216,nan,nan,nan,nan,nan,nan,2,33
0.7615352294274739,0.8063420158550396,0.3136849763204663,0.35654549509366634,0.2842697825953644,nan,nan,nan,nan,0.8741721854304636,0.5660377358490566,0.8339483394833949,nan,nan,nan,3,33
0.7860724798270634,0.8072976054732041,0.3129453947818229,0.3551139632821248,0.2837294765686344,nan,nan,nan,nan,0.8848614072494669,0.5679012345679012,0.8170731707317073,nan,nan,nan,4,33
0.6475989520549774,0.8249427917620137,0.3207686332860242,0.3603362437896347,0.2924548776476309,nan,nan,nan,nan,0.8971553610503282,0.6111111111111112,0.8313725490196079,nan,nan,nan,5,33
0.7849999453340258,0.7851428571428571,0.30765295357888256,0.3560679922130606,0.2772534255867589,nan,nan,nan,nan,0.8688888888888889,0.521978021978022,0.8271604938271605,nan,nan,nan,6,33
0.7942855081387928,0.7945516458569807,0.31484510401800264,0.35623691765686377,0.284096903540858,nan,nan,nan,nan,0.851528384279476,0.631578947368421,0.7896678966789668,nan,nan,nan,7,33
0.6205345541238785,0.844671201814059,0.3240128286241303,0.3617051452473533,0.2979246819539494,nan,nan,nan,nan,0.9065817409766455,0.6164383561643836,0.8603773584905661,nan,nan,nan,8,33
0.7309452295303345,0.8034285714285714,0.3112178751493024,0.3512329832507084,0.2827606495793191,nan,nan,nan,nan,0.8733905579399142,0.5705128205128205,0.8181818181818182,nan,nan,nan,9,33
0.8910556180136544,0.755608028335301,0.26077402287079704,0.37054117449945545,0.21616842006638828,nan,nan,nan,nan,nan,nan,nan,0.2916666666666667,0.892226148409894,0.5454545454545454,10,33
0.8893118330410549,0.7805456702253856,0.23539473767824642,0.32355989315682643,0.19703879735982463,nan,nan,nan,nan,nan,nan,nan,0.3246753246753247,0.9149659863945578,0.5337078651685393,11,33
1.0543820772852217,0.7330960854092526,0.21127821676867542,0.3206120632345153,0.1787899298614407,nan,nan,nan,nan,nan,nan,nan,0.1702127659574468,0.8953068592057761,0.5435897435897435,12,33
0.9010516107082367,0.7850356294536817,0.2389492530425822,0.32632080115557494,0.20058977976492756,nan,nan,nan,nan,nan,nan,nan,0.35526315789473684,0.9196581196581196,0.5303867403314917,13,33
0.8748126881463187,0.7728894173602854,0.21950347326355224,0.3282662017308831,0.18550729673864863,nan,nan,nan,nan,nan,nan,nan,0.18309859154929578,0.9058219178082192,0.5806451612903226,14,33
2.209534975198599,0.18094089264173704,0.07708149769933872,0.2906850961538462,0.044917946774710706,0.1986863711001642,0.10256410256410256,0.0,0.14792899408284024,nan,nan,nan,nan,nan,nan,0,34
2.2886075423314023,0.1650485436893204,0.06139507297109359,0.2920874384236453,0.03557717823971694,0.17983193277310924,0.02857142857142857,0.0,0.14736842105263157,nan,nan,nan,nan,nan,nan,1,34
2.1483474511366625,0.174390243902439,0.058093758093758094,0.1899719887955182,0.03434906545428303,0.1929530201342282,0.0,0.0,0.15053763440860216,nan,nan,nan,nan,nan,nan,2,34
0.7664966178791863,0.8063420158550396,0.3141657519814595,0.3580892768655613,0.2842697825953644,nan,nan,nan,nan,0.8741721854304636,0.5660377358490566,0.8339483394833949,nan,nan,nan,3,34
0.7920470088720322,0.8072976054732041,0.3129453947818229,0.3551139632821248,0.2837294765686344,nan,nan,nan,nan,0.8848614072494669,0.5679012345679012,0.8170731707317073,nan,nan,nan,4,34
0.6525291672774723,0.8249427917620137,0.32089905999130564,0.36061406674187624,0.2924548776476309,nan,nan,nan,nan,0.8971553610503282,0.6111111111111112,0.8313725490196079,nan,nan,nan,5,34
0.7900162254061017,0.7874285714285715,0.3083989376664774,0.3561246584720329,0.27821801655134987,nan,nan,nan,nan,0.8711111111111111,0.5274725274725275,0.8271604938271605,nan,nan,nan,6,34
0.8004147154944283,0.7945516458569807,0.31484510401800264,0.35623691765686377,0.284096903540858,nan,nan,nan,nan,0.851528384279476,0.631578947368421,0.7896678966789668,nan,nan,nan,7,34
0.6236160056931632,0.844671201814059,0.3237522297217302,0.3619705035406493,0.2975402156835953,nan,nan,nan,nan,0.9065817409766455,0.6095890410958904,0.8641509433962264,nan,nan,nan,8,34
0.7361256948539189,0.8045714285714286,0.3118631909692716,0.3524655524649576,0.2832547207255642,nan,nan,nan,nan,0.8733905579399142,0.5705128205128205,0.8221343873517787,nan,nan,nan,9,34
0.8894141912460327,0.7579693034238488,0.2610199116527573,0.37055411833430696,0.2166101161794625,nan,nan,nan,nan,nan,nan,nan,0.2916666666666667,0.8957597173144877,0.5454545454545454,10,34
0.8878121886934552,0.7817319098457889,0.23549756584437928,0.32356567511206685,0.1972277618345034,nan,nan,nan,nan,nan,nan,nan,0.3246753246753247,0.9166666666666666,0.5337078651685393,11,34
1.0550185441970825,0.7330960854092526,0.21091548633448076,0.3205525300658044,0.17842069086404289,nan,nan,nan,nan,nan,nan,nan,0.1702127659574468,0.8971119133574007,0.5384615384615384,12,34
0.9007121324539185,0.7850356294536817,0.23852771914601872,0.3263058520973593,0.20016583974614408,nan,nan,nan,nan,nan,nan,nan,0.35526315789473684,0.9213675213675213,0.5248618784530387,13,34
0.8744649546486991,0.7728894173602854,0.22085616898201016,0.32825450769376,0.18606775758724126,nan,nan,nan,nan,nan,nan,nan,0.19718309859154928,0.9075342465753424,0.5698924731182796,14,34
2.215352021730863,0.18576598311218334,0.0792590619187243,0.2903217011995638,0.04642978595233237,0.2019704433497537,0.10256410256410256,0.0,0.15976331360946747,nan,nan,nan,nan,nan,nan,0,35
2.2933373634631815,0.1638349514563107,0.060594938917220696,0.29196428571428573,0.03505086245024326,0.17983193277310924,0.02857142857142857,0.0,0.14210526315789473,nan,nan,nan,nan,nan,nan,1,35
2.150210747352013,0.17804878048780487,0.059925170416688024,0.19041666666666668,0.03559211950638667,0.19463087248322147,0.0,0.0,0.16129032258064516,nan,nan,nan,nan,nan,nan,2,35
0.7719266989401409,0.8063420158550396,0.3141657519814595,0.3580892768655613,0.2842697825953644,nan,nan,nan,nan,0.8741721854304636,0.5660377358490566,0.8339483394833949,nan,nan,nan,3,35
0.7979786438601357,0.8084378563283923,0.31356431609039936,0.35519126693085706,0.284501081506906,nan,nan,nan,nan,0.8848614072494669,0.5740740740740741,0.8170731707317073,nan,nan,nan,4,35
0.657849024449076,0.8237986270022883,0.28495619046702636,0.32075684057361975,0.25946661849943176,nan,nan,nan,nan,0.8949671772428884,0.6049382716049383,0.8352941176470589,nan,nan,nan,5,35
0.7954985967704228,0.7851428571428571,0.3080571934794108,0.3560545734028891,0.27736161986161983,nan,nan,nan,nan,0.8711111111111111,0.532967032967033,0.8148148148148148,nan,nan,nan,6,35
0.8073816107852119,0.7945516458569807,0.28017142796571753,0.31738755544179564,0.2525305809252071,nan,nan,nan,nan,0.851528384279476,0.631578947368421,0.7896678966789668,nan,nan,nan,7,35
0.6280355112893241,0.844671201814059,0.324364635239854,0.3624753686766211,0.2979246819539494,nan,nan,nan,nan,0.9065817409766455,0.6164383561643836,0.8603773584905661,nan,nan,nan,8,35
0.7424119540623256,0.7988571428571428,0.31066487243812824,0.3523271443702427,0.2812360266001337,nan,nan,nan,nan,0.869098712446352,0.5705128205128205,0.8102766798418972,nan,nan,nan,9,35
0.8880421987601689,0.7603305785123967,0.23395692661093856,0.3293871582727155,0.19428184475298726,nan,nan,nan,nan,nan,nan,nan,0.3055555555555556,0.8975265017667845,0.5454545454545454,10,35
0.8860295329775129,0.7841043890865955,0.23870299040902715,0.32387092541731716,0.20011376472050627,nan,nan,nan,nan,nan,nan,nan,0.35064935064935066,0.9166666666666666,0.5337078651685393,11,35
1.0548284479549952,0.7366548042704626,0.2135712212482802,0.32068933481976963,0.18074232510057076,nan,nan,nan,nan,nan,nan,nan,0.18085106382978725,0.8971119133574007,0.5487179487179488,12,35
0.9006049420152392,0.7850356294536817,0.23852771914601872,0.3263058520973593,0.20016583974614408,nan,nan,nan,nan,nan,nan,nan,0.35526315789473684,0.9213675213675213,0.5248618784530387,13,35
0.8735841086932591,0.7752675386444708,0.2210645523411499,0.3282691468388339,0.18644827509104644,nan,nan,nan,nan,nan,nan,nan,0.19718309859154928,0.910958904109589,0.5698924731182796,14,35
2.222968550828787,0.18697225572979492,0.07948410477534609,0.2903679653679654,0.046593989564811845,0.20361247947454844,0.10256410256410256,0.0,0.15976331360946747,nan,nan,nan,nan,nan,nan,0,36
2.2995732380793643,0.1650485436893204,0.06139507297109359,0.2920874384236453,0.03557717823971694,0.17983193277310924,0.02857142857142857,0.0,0.14736842105263157,nan,nan,nan,nan,nan,nan,1,36
2.153317644045903,0.1878048780487805,0.06177707942622536,0.190625,0.036934401385581295,0.2080536912751678,0.0,0.0,0.16129032258064516,nan,nan,nan,nan,nan,nan,2,36
0.7767819591930935,0.8029445073612684,0.3125062384677467,0.3574534334737451,0.2824215173614938,nan,nan,nan,nan,0.8719646799116998,0.5534591194968553,0.8339483394833949,nan,nan,nan,3,36
0.8036770863192422,0.8084378563283923,0.31356431609039936,0.35519126693085706,0.284501081506906,nan,nan,nan,nan,0.8848614072494669,0.5740740740740741,0.8170731707317073,nan,nan,nan,4,36
0.6622661969491414,0.8249427917620137,0.28521369697840293,0.32077283764844033,0.2599023483469263,nan,nan,nan,nan,0.8949671772428884,0.6049382716049383,0.8392156862745098,nan,nan,nan,5,36
0.800073674746922,0.7817142857142857,0.30672755425943665,0.355960028356038,0.2757102157102157,nan,nan,nan,nan,0.8688888888888889,0.521978021978022,0.8148148148148148,nan,nan,nan,6,36
0.813578337430954,0.7945516458569807,0.27987904477877246,0.31760093426760094,0.2520421874524422,nan,nan,nan,nan,0.8537117903930131,0.625,0.7896678966789668,nan,nan,nan,7,36
0.6307313399655479,0.844671201814059,0.32358660787402094,0.36248010813154935,0.2971557494132412,nan,nan,nan,nan,0.9065817409766455,0.6027397260273972,0.8679245283018868,nan,nan,nan,8,36
0.7470820141690118,0.8,0.3109637100934569,0.3523657087470424,0.2817300977463788,nan,nan,nan,nan,0.869098712446352,0.5705128205128205,0.8142292490118577,nan,nan,nan,9,36
0.8862603221620832,0.7650531286894924,0.23276259037193137,0.3284766681471371,0.1940555045213777,nan,nan,nan,nan,nan,nan,nan,0.2916666666666667,0.9045936395759717,0.5502392344497608,10,36
0.8850699705736977,0.7841043890865955,0.23642110458864385,0.3223965753434031,0.19842447250151904,nan,nan,nan,nan,nan,nan,nan,0.33766233766233766,0.9200680272108843,0.5280898876404494,11,36
1.0548305724348341,0.7378410438908659,0.21368227942871604,0.3206987676986842,0.18094288667297348,nan,nan,nan,nan,nan,nan,nan,0.18085106382978725,0.8989169675090253,0.5487179487179488,12,36
0.9007797752107892,0.7850356294536817,0.23861868343839923,0.32649513071056163,0.20016583974614408,nan,nan,nan,nan,nan,nan,nan,0.35526315789473684,0.9213675213675213,0.5248618784530387,13,36
0.8736205164875303,0.7764565992865636,0.22116846910863647,0.3282764267030208,0.186638533842949,nan,nan,nan,nan,nan,nan,nan,0.19718309859154928,0.9126712328767124,0.5698924731182796,14,36
2.228911253122183,0.1942098914354644,0.08147192984776375,0.2907123080795369,0.04800672360354058,0.21182266009852216,0.10256410256410256,0.0,0.16568047337278108,nan,nan,nan,nan,nan,nan,0,37
2.3042059678297777,0.16747572815533981,0.06297361798235415,0.2923099078341014,0.0366298098186643,0.17983193277310924,0.02857142857142857,0.0,0.15789473684210525,nan,nan,nan,nan,nan,nan,1,37
2.1556765666374793,0.1878048780487805,0.0677508363323027,0.28984375,0.039992422602294866,0.2063758389261745,0.03225806451612903,0.0,0.16129032258064516,nan,nan,nan,nan,nan,nan,2,37
0.7821160022701535,0.8040770101925255,0.3133698566390874,0.35801694959064084,0.28320768088350634,nan,nan,nan,nan,0.8719646799116998,0.559748427672956,0.8339483394833949,nan,nan,nan,3,37
0.809573192681585,0.8084378563283923,0.31356431609039936,0.35519126693085706,0.284501081506906,nan,nan,nan,nan,0.8848614072494669,0.5740740740740741,0.8170731707317073,nan,nan,nan,4,37
0.6673248303788049,0.8249427917620137,0.2858160836894975,0.3212932000160224,0.26034508786900773,nan,nan,nan,nan,0.8927789934354485,0.6111111111111112,0.8392156862745098,nan,nan,nan,5,37
0.8048859919820514,0.7817142857142857,0.30715685267922477,0.3559805789292457,0.2761192511192511,nan,nan,nan,nan,0.8666666666666667,0.5274725274725275,0.8148148148148148,nan,nan,nan,6,37
0.8201298075062888,0.793416572077185,0.27973831113810727,0.317585987924971,0.2517995867731603,nan,nan,nan,nan,0.851528384279476,0.625,0.7896678966789668,nan,nan,nan,7,37
0.6340884630169187,0.844671201814059,0.32358660787402094,0.36248010813154935,0.2971557494132412,nan,nan,nan,nan,0.9065817409766455,0.6027397260273972,0.8679245283018868,nan,nan,nan,8,37
0.7528209877865655,0.7977142857142857,0.3103077713455808,0.3511470349440331,0.2811936170596835,nan,nan,nan,nan,0.8648068669527897,0.5705128205128205,0.8142292490118577,nan,nan,nan,9,37
0.8845445258276803,0.7662337662337663,0.23425826570480168,0.32846590619933547,0.19526339167092996,nan,nan,nan,nan,nan,nan,nan,0.3055555555555556,0.9063604240282686,0.5454545454545454,10,37
0.8844561534268516,0.7900355871886121,0.23926883776315844,0.32262506012506015,0.20149384234456466,nan,nan,nan,nan,nan,nan,nan,0.35064935064935066,0.923469387755102,0.5393258426966292,11,37
1.055278126682554,0.7390272835112692,0.2153625311089677,0.3206987676986842,0.1821249197699002,nan,nan,nan,nan,nan,nan,nan,0.19148936170212766,0.8989169675090253,0.5487179487179488,12,37
0.9011245710509164,0.7850356294536817,0.23861868343839923,0.32649513071056163,0.20016583974614408,nan,nan,nan,nan,nan,nan,nan,0.35526315789473684,0.9213675213675213,0.5248618784530387,13,37
0.8733213075569698,0.7788347205707491,0.22137575523306977,0.32829090773016006,0.18701905134675423,nan,nan,nan,nan,nan,nan,nan,0.19718309859154928,0.916095890410959,0.5698924731182796,14,37
2.2354858746895423,0.19782870928829915,0.08603683897801544,0.2907963284544778,0.05089923339260209,0.21510673234811165,0.1282051282051282,0.0,0.16568047337278108,nan,nan,nan,nan,nan,nan,0,38
2.3086828818688025,0.17111650485436894,0.06418770883559614,0.29165760869565216,0.037492260061919504,0.18319327731092436,0.02857142857142857,0.0,0.1631578947368421,nan,nan,nan,nan,nan,nan,1,38
2.158185445345365,0.1951219512195122,0.06911540153324117,0.2900186567164179,0.04099913401169084,0.21644295302013422,0.03225806451612903,0.0,0.16129032258064516,nan,nan,nan,nan,nan,nan,2,38
0.7874340010540826,0.79841449603624,0.276357579582724,0.31784846748000767,0.248988442235624,nan,nan,nan,nan,0.869757174392936,0.5408805031446541,0.8302583025830258,nan,nan,nan,3,38
0.8158884793519974,0.8038768529076397,0.27791038772181703,0.3156470678410632,0.25151268649226016,nan,nan,nan,nan,0.8805970149253731,0.5740740740740741,0.8089430894308943,nan,nan,nan,4,38
0.6726372178111758,0.8237986270022883,0.2850784685106183,0.3207618427171037,0.25965921681276627,nan,nan,nan,nan,0.8927789934354485,0.6049382716049383,0.8392156862745098,nan,nan,nan,5,38
0.8103863171168736,0.7794285714285715,0.30654056221546305,0.3562081250686474,0.27515466015466017,nan,nan,nan,nan,0.8644444444444445,0.521978021978022,0.8148148148148148,nan,nan,nan,6,38
0.8267901710101536,0.7911464245175936,0.2789311145177813,0.3175117535370111,0.25065858852107253,nan,nan,nan,nan,0.851528384279476,0.618421052631579,0.7859778597785978,nan,nan,nan,7,38
0.6374726508344922,0.8469387755102041,0.3240012204107949,0.3625129504534306,0.2978928403077651,nan,nan,nan,nan,0.9087048832271762,0.6027397260273972,0.8716981132075472,nan,nan,nan,8,38
0.7587174283606666,0.7965714285714286,0.3103579204522824,0.3523031655844156,0.28069954591343843,nan,nan,nan,nan,0.8648068669527897,0.5705128205128205,0.8102766798418972,nan,nan,nan,9,38
0.8827426987034934,0.7662337662337663,0.23358031420019504,0.3284434568883877,0.19459274621694808,nan,nan,nan,nan,nan,nan,nan,0.3055555555555556,0.9098939929328622,0.5358851674641149,10,38
0.8830860555171967,0.797153024911032,0.24133404752932164,0.3227917461667843,0.2038816661609599,nan,nan,nan,nan,nan,nan,nan,0.36363636363636365,0.9319727891156463,0.5393258426966292,11,38
1.055326453277043,0.7449584816132859,0.21773406658199285,0.316137478334624,0.18447843815383566,nan,nan,nan,nan,nan,nan,nan,0.20212765957446807,0.9043321299638989,0.5538461538461539,12,38
0.9008199870586395,0.7885985748218527,0.23859111463977564,0.326692068174369,0.2003117002971612,nan,nan,nan,nan,nan,nan,nan,0.35526315789473684,0.9282051282051282,0.5193370165745856,13,38
0.8728702706950051,0.7835909631391201,0.22377759133176342,0.3213704553346484,0.18956188564258994,nan,nan,nan,nan,nan,nan,nan,0.2112676056338028,0.9195205479452054,0.5752688172043011,14,38
2.24098330277663,0.19903498190591074,0.08560510690662974,0.2907548125633232,0.05063592464122968,0.21839080459770116,0.1282051282051282,0.0,0.15976331360946747,nan,nan,nan,nan,nan,nan,0,39
2.3129094747396617,0.1796116504854369,0.06637801215299524,0.29201101928374656,0.03902697921273773,0.19327731092436976,0.02857142857142857,0.0,0.16842105263157894,nan,nan,nan,nan,nan,nan,1,39
2.1598302951225867,0.1975609756097561,0.06951645556153548,0.2893704379562044,0.041334704481489494,0.2197986577181208,0.03225806451612903,0.0,0.16129032258064516,nan,nan,nan,nan,nan,nan,2,39
0.7923160684960229,0.79841449603624,0.2762412353431517,0.3175936640472751,0.248988442235624,nan,nan,nan,nan,0.869757174392936,0.5408805031446541,0.8302583025830258,nan,nan,nan,3,39
0.8210250671420779,0.8038768529076397,0.27738094764177673,0.3153465217504626,0.25106372612069067,nan,nan,nan,nan,0.8827292110874201,0.5679012345679012,0.8089430894308943,nan,nan,nan,4,39
0.6771944399390902,0.8237986270022883,0.2850784685106183,0.3207618427171037,0.25965921681276627,nan,nan,nan,nan,0.8927789934354485,0.6049382716049383,0.8392156862745098,nan,nan,nan,5,39
0.814866168158395,0.7794285714285715,0.30654056221546305,0.3562081250686474,0.27515466015466017,nan,nan,nan,nan,0.8644444444444445,0.521978021978022,0.8148148148148148,nan,nan,nan,6,39
0.8326924656118665,0.7911464245175936,0.2792640051773652,0.3185882784230598,0.25065858852107253,nan,nan,nan,nan,0.851528384279476,0.618421052631579,0.7859778597785978,nan,nan,nan,7,39
0.640405324952943,0.8469387755102041,0.3240012204107949,0.3625129504534306,0.2978928403077651,nan,nan,nan,nan,0.9087048832271762,0.6027397260273972,0.8716981132075472,nan,nan,nan,8,39
0.7640324745859418,0.7977142857142857,0.31099707598274223,0.35239713036104786,0.2815008279647205,nan,nan,nan,nan,0.8648068669527897,0.5769230769230769,0.8102766798418972,nan,nan,nan,9,39
0.8808088770934513,0.7697756788665879,0.2328580013315509,0.3284881413656009,0.19450541932874088,nan,nan,nan,nan,nan,nan,nan,0.2916666666666667,0.9134275618374559,0.5454545454545454,10,39
0.8817285639899117,0.7983392645314353,0.24286229063753298,0.3229194600876017,0.20532466760396137,nan,nan,nan,nan,nan,nan,nan,0.37662337662337664,0.9319727891156463,0.5393258426966292,11,39
1.0542752955641066,0.7473309608540926,0.21866229009086155,0.31625309004443863,0.1856180392934368,nan,nan,nan,nan,nan,nan,nan,0.20212765957446807,0.9043321299638989,0.5641025641025641,12,39
0.9002767886434283,0.7885985748218527,0.23834391610783145,0.32705404172369457,0.1998877602783777,nan,nan,nan,nan,nan,nan,nan,0.35526315789473684,0.9299145299145299,0.5138121546961326,13,39
0.8721470023904528,0.7835909631391201,0.2236860093528457,0.3211784813487323,0.18956188564258994,nan,nan,nan,nan,nan,nan,nan,0.2112676056338028,0.9195205479452054,0.5752688172043011,14,39
2.2475609871057363,0.19903498190591074,0.08230692019129142,0.29021369596891694,0.04866353805345848,0.21839080459770116,0.10256410256410256,0.0,0.16568047337278108,nan,nan,nan,nan,nan,nan,0,40
2.31741241308359,0.18325242718446602,0.06707847291087592,0.2921309872922776,0.03953118089341,0.19831932773109243,0.02857142857142857,0.0,0.16842105263157894,nan,nan,nan,nan,nan,nan,1,40
2.162171693948599,0.2073170731707317,0.07241804034936647,0.2899218428630193,0.04341668470808978,0.22986577181208054,0.03225806451612903,0.0,0.17204301075268819,nan,nan,nan,nan,nan,nan,2,40
0.7975009254046849,0.79841449603624,0.27604710280498523,0.3171466927249551,0.248988442235624,nan,nan,nan,nan,0.869757174392936,0.5408805031446541,0.8302583025830258,nan,nan,nan,3,40
0.8268112157072339,0.8027366020524516,0.2769462825140311,0.3142805422375315,0.25082681543601876,nan,nan,nan,nan,0.8805970149253731,0.5679012345679012,0.8089430894308943,nan,nan,nan,4,40
0.6820683862481799,0.8260869565217391,0.28586218076306896,0.3208199995428219,0.2607808177165023,nan,nan,nan,nan,0.8927789934354485,0.6111111111111112,0.8431372549019608,nan,nan,nan,5,40
0.8200174612658364,0.7782857142857142,0.3063812678960195,0.356190494188749,0.2748768823768824,nan,nan,nan,nan,0.8622222222222222,0.521978021978022,0.8148148148148148,nan,nan,nan,6,40
0.8397171071597508,0.7911464245175936,0.27937837585272407,0.31884294668825963,0.25065858852107253,nan,nan,nan,nan,0.851528384279476,0.618421052631579,0.7859778597785978,nan,nan,nan,7,40
0.6439024742160525,0.8469387755102041,0.3240012204107949,0.3625129504534306,0.2978928403077651,nan,nan,nan,nan,0.9087048832271762,0.6027397260273972,0.8716981132075472,nan,nan,nan,8,40
0.7693994321993419,0.7977142857142857,0.31112556560792237,0.3526833844808342,0.2815008279647205,nan,nan,nan,nan,0.8648068669527897,0.5769230769230769,0.8102766798418972,nan,nan,nan,9,40
0.8801308529717582,0.7697756788665879,0.2331933572260559,0.32849898761848445,0.19484074205573185,nan,nan,nan,nan,nan,nan,nan,0.2916666666666667,0.911660777385159,0.5502392344497608,10,40
0.8812842667102814,0.7983392645314353,0.24286229063753298,0.3229194600876017,0.20532466760396137,nan,nan,nan,nan,nan,nan,nan,0.37662337662337664,0.9319727891156463,0.5393258426966292,11,40
1.0552649072238378,0.7461447212336892,0.21819967065718102,0.3161957825158668,0.1850482387236362,nan,nan,nan,nan,nan,nan,nan,0.20212765957446807,0.9043321299638989,0.558974358974359,12,40
0.901066711970738,0.7897862232779097,0.23791993560197444,0.3268540408020313,0.1996537537828611,nan,nan,nan,nan,nan,nan,nan,0.35526315789473684,0.9333333333333333,0.5082872928176796,13,40
0.8725904098578862,0.7859690844233056,0.2238918261085749,0.3211934156378601,0.1899424031463951,nan,nan,nan,nan,nan,nan,nan,0.2112676056338028,0.922945205479452,0.5752688172043011,14,40
2.2533879371789785,0.20506634499396864,0.08404177053448358,0.29050228310502285,0.049912068479707736,0.22495894909688013,0.10256410256410256,0.0,0.17159763313609466,nan,nan,nan,nan,nan,nan,0,41
2.321964832452627,0.18446601941747573,0.06731066268061783,0.29216969696969697,0.039699248120300755,0.2,0.02857142857142857,0.0,0.16842105263157894,nan,nan,nan,nan,nan,nan,1,41
2.164040308732253,0.21097560975609755,0.07307675814751287,0.2900080580177276,0.043920040412787756,0.2348993288590604,0.03225806451612903,0.0,0.17204301075268819,nan,nan,nan,nan,nan,nan,2,41
0.8021149401153836,0.796149490373726,0.27555778649916773,0.3170988129033075,0.248168434035542,nan,nan,nan,nan,0.869757174392936,0.5408805031446541,0.8228782287822878,nan,nan,nan,3,41
0.8320735543966293,0.8027366020524516,0.2769462825140311,0.3142805422375315,0.25082681543601876,nan,nan,nan,nan,0.8805970149253731,0.5679012345679012,0.8089430894308943,nan,nan,nan,4,41
0.6866994223424366,0.8249427917620137,0.285722171468168,0.32105453782209925,0.26034508786900773,nan,nan,nan,nan,0.8927789934354485,0.6111111111111112,0.8392156862745098,nan,nan,nan,5,41
0.8249740898609161,0.7782857142857142,0.3063812678960195,0.356190494188749,0.2748768823768824,nan,nan,nan,nan,0.8622222222222222,0.521978021978022,0.8148148148148148,nan,nan,nan,6,41
0.84587219783238,0.7911464245175936,0.27937837585272407,0.31884294668825963,0.25065858852107253,nan,nan,nan,nan,0.851528384279476,0.618421052631579,0.7859778597785978,nan,nan,nan,7,41
0.6470623399530139,0.8469387755102041,0.32424941748801733,0.36277695425064566,0.2980991456396563,nan,nan,nan,nan,0.9065817409766455,0.6027397260273972,0.8754716981132076,nan,nan,nan,8,41
0.7748125727687564,0.7977142857142857,0.311254345933612,0.35297100823755734,0.2815008279647205,nan,nan,nan,nan,0.8648068669527897,0.5769230769230769,0.8102766798418972,nan,nan,nan,9,41
0.8797853291034698,0.7768595041322314,0.23449800920296593,0.3285528943162783,0.19668924381124495,nan,nan,nan,nan,nan,nan,nan,0.2916666666666667,0.9187279151943463,0.5598086124401914,10,41
0.8810134955814907,0.7995255041518387,0.2429633339894733,0.32292536674162114,0.2055136320786401,nan,nan,nan,nan,nan,nan,nan,0.37662337662337664,0.9336734693877551,0.5393258426966292,11,41
1.055860549211502,0.7461447212336892,0.21819967065718102,0.3161957825158668,0.1850482387236362,nan,nan,nan,nan,nan,nan,nan,0.20212765957446807,0.9043321299638989,0.558974358974359,12,41
0.9016590373856681,0.7909738717339667,0.23811283683654233,0.32705000396095746,0.19984368730612795,nan,nan,nan,nan,nan,nan,nan,0.35526315789473684,0.935042735042735,0.5082872928176796,13,41
0.8727675378322601,0.7871581450653984,0.22242674769280996,0.3209383039658269,0.18916508823649414,nan,nan,nan,nan,nan,nan,nan,0.19718309859154928,0.9246575342465754,0.5806451612903226,14,41
2.2603526482215295,0.20506634499396864,0.08794727192751799,0.29045977011494256,0.05231196743133082,0.2233169129720854,0.1282051282051282,0.0,0.17159763313609466,nan,nan,nan,nan,nan,nan,0,42
2.326665364778959,0.1808252427184466,0.06607401273139435,0.2919969512195122,0.03883679787704556,0.19663865546218487,0.02857142857142857,0.0,0.1631578947368421,nan,nan,nan,nan,nan,nan,1,42
2.166249632835388,0.21707317073170732,0.08032326712345636,0.2896190476190476,0.048186836977700806,0.23993288590604026,0.06451612903225806,0.0,0.1774193548387097,nan,nan,nan,nan,nan,nan,2,42
0.8073521256446838,0.7950169875424689,0.27500466913050753,0.3159078315704822,0.24775842993550098,nan,nan,nan,nan,0.869757174392936,0.5408805031446541,0.8191881918819188,nan,nan,nan,3,42
0.8374680429697037,0.8050171037628279,0.2772127702532157,0.31430520436636644,0.2513006368053625,nan,nan,nan,nan,0.8848614072494669,0.5679012345679012,0.8089430894308943,nan,nan,nan,4,42
0.6913224927016667,0.8237986270022883,0.2851948860352222,0.32101223395341044,0.25965921681276627,nan,nan,nan,nan,0.8927789934354485,0.6049382716049383,0.8392156862745098,nan,nan,nan,5,42
0.8298449345997402,0.7748571428571429,0.30575037769612695,0.35611830097892816,0.2738069235291457,nan,nan,nan,nan,0.8577777777777778,0.521978021978022,0.8106995884773662,nan,nan,nan,6,42
0.8522822899477822,0.7922814982973894,0.2791026865723504,0.31882485499521734,0.25041279572758957,nan,nan,nan,nan,0.8558951965065502,0.6118421052631579,0.7859778597785978,nan,nan,nan,7,42
0.650533642087664,0.8469387755102041,0.32424941748801733,0.36277695425064566,0.2980991456396563,nan,nan,nan,nan,0.9065817409766455,0.6027397260273972,0.8754716981132076,nan,nan,nan,8,42
0.7801600652081626,0.7954285714285714,0.3109292320130303,0.35321100683845175,0.2807385164751278,nan,nan,nan,nan,0.8626609442060086,0.5769230769230769,0.8063241106719368,nan,nan,nan,9,42
0.8793015437466758,0.7804014167650531,0.23514517247132932,0.32857932559425096,0.19761349468900147,nan,nan,nan,nan,nan,nan,nan,0.2916666666666667,0.9222614840989399,0.5645933014354066,10,42
0.8813152696405139,0.800711743772242,0.2430642023745705,0.3229312525608822,0.20570259655331888,nan,nan,nan,nan,nan,nan,nan,0.37662337662337664,0.935374149659864,0.5393258426966292,11,42
1.0568361835820335,0.7461447212336892,0.2160665904817577,0.31496407422997863,0.1836975282017144,nan,nan,nan,nan,nan,nan,nan,0.19148936170212766,0.907942238267148,0.5538461538461539,12,42
0.9028119231973376,0.7921615201900237,0.23786708593638017,0.32722710215895134,0.19960968081061134,nan,nan,nan,nan,nan,nan,nan,0.35526315789473684,0.9384615384615385,0.5027624309392266,13,42
0.8737709692546299,0.7871581450653984,0.2222344888479365,0.3217740872545143,0.1887579754232832,nan,nan,nan,nan,nan,nan,nan,0.19718309859154928,0.9263698630136986,0.5752688172043011,14,42
2.2654135869099545,0.20868516284680338,0.08986443460002816,0.29071061643835616,0.05365960299647302,0.22495894909688013,0.1282051282051282,0.0,0.1834319526627219,nan,nan,nan,nan,nan,nan,0,43
2.3294528997861423,0.18689320388349515,0.06830694251810757,0.29229691876750696,0.0403936311366652,0.20168067226890757,0.02857142857142857,0.0,0.1736842105263158,nan,nan,nan,nan,nan,nan,1,43
2.167422202917246,0.21707317073170732,0.08032326712345636,0.2896190476190476,0.048186836977700806,0.23993288590604026,0.06451612903225806,0.0,0.1774193548387097,nan,nan,nan,nan,nan,nan,2,43
0.8130618291241782,0.7950169875424689,0.27500466913050753,0.3159078315704822,0.24775842993550098,nan,nan,nan,nan,0.869757174392936,0.5408805031446541,0.8191881918819188,nan,nan,nan,3,43
0.8429149836301804,0.8050171037628279,0.2774867118083347,0.3143559203819948,0.25153483667822546,nan,nan,nan,nan,0.8848614072494669,0.5740740740740741,0.8048780487804879,nan,nan,nan,4,43
0.6961794516869954,0.8226544622425629,0.2847280326271923,0.3205094687447629,0.25922348696527175,nan,nan,nan,nan,0.8927789934354485,0.6049382716049383,0.8352941176470589,nan,nan,nan,5,43
0.8351984066622598,0.776,0.3063450948277908,0.35767239005232465,0.27408470130692353,nan,nan,nan,nan,0.86,0.521978021978022,0.8106995884773662,nan,nan,nan,6,43
0.8590214124747685,0.7922814982973894,0.27929862539528244,0.3193116231290443,0.25041279572758957,nan,nan,nan,nan,0.8558951965065502,0.6118421052631579,0.7859778597785978,nan,nan,nan,7,43
0.6542325509446008,0.8458049886621315,0.32410697784554254,0.3630225163106786,0.29762744752644876,nan,nan,nan,nan,0.9065817409766455,0.6027397260273972,0.8716981132075472,nan,nan,nan,8,43
0.7854821852275303,0.7965714285714286,0.31143622199249205,0.35442921347853223,0.2810067568184754,nan,nan,nan,nan,0.8648068669527897,0.5769230769230769,0.8063241106719368,nan,nan,nan,9,43
0.8791026302746364,0.7780401416765053,0.2349325196270975,0.328568456096546,0.19722087592182438,nan,nan,nan,nan,nan,nan,nan,0.2916666666666667,0.9187279151943463,0.5645933014354066,10,43
0.8813241720199585,0.8018979833926453,0.24316489624689064,0.3229371176554275,0.2058915610279976,nan,nan,nan,nan,nan,nan,nan,0.37662337662337664,0.9370748299319728,0.5393258426966292,11,43
1.05761342389243,0.7485172004744959,0.21781522562626165,0.3152656910001672,0.18508012287104383,nan,nan,nan,nan,nan,nan,nan,0.20212765957446807,0.9097472924187726,0.5538461538461539,12,43
0.9036037496158055,0.7909738717339667,0.2373234284584161,0.32720112948220725,0.198995807268561,nan,nan,nan,nan,nan,nan,nan,0.35526315789473684,0.9384615384615385,0.4972375690607735,13,43
0.8740065736430032,0.7847800237812128,0.22164891485079402,0.32176668647256884,0.18797034510626714,nan,nan,nan,nan,nan,nan,nan,0.19718309859154928,0.9246575342465754,0.5698924731182796,14,43
2.270494525249188,0.20989143546441497,0.08940273446869754,0.29006278415241393,0.0533962942451006,0.22824302134646962,0.1282051282051282,0.0,0.17751479289940827,nan,nan,nan,nan,nan,nan,0,44
2.3328870076399584,0.19053398058252427,0.06899774182232746,0.2924076607387141,0.040897832817337464,0.20672268907563024,0.02857142857142857,0.0,0.1736842105263158,nan,nan,nan,nan,nan,nan,1,44
2.1684765357237596,0.21585365853658536,0.08065506855829437,0.2897147147147147,0.04838890091650429,0.23657718120805368,0.06451612903225806,0.0,0.1827956989247312,nan,nan,nan,nan,nan,nan,2,44
0.8184152330671038,0.7950169875424689,0.27544548965435706,0.3159606094388703,0.248211963564094,nan,nan,nan,nan,0.8675496688741722,0.5471698113207547,0.8191881918819188,nan,nan,nan,3,44
0.8482609604086194,0.8050171037628279,0.2774867118083347,0.3143559203819948,0.25153483667822546,nan,nan,nan,nan,0.8848614072494669,0.5740740740740741,0.8048780487804879,nan,nan,nan,4,44
0.7005397443260465,0.8215102974828375,0.284196737419091,0.320466327175704,0.2585376159090303,nan,nan,nan,nan,0.8927789934354485,0.5987654320987654,0.8352941176470589,nan,nan,nan,5,44
0.8405173718929291,0.7782857142857142,0.30751857918345865,0.357724457114701,0.2754583276805499,nan,nan,nan,nan,0.86,0.532967032967033,0.8106995884773662,nan,nan,nan,6,44
0.8657119061265673,0.7911464245175936,0.2791565427576423,0.3195502176279094,0.2500027916275485,nan,nan,nan,nan,0.8558951965065502,0.6118421052631579,0.7822878228782287,nan,nan,nan,7,44
0.6576123727219445,0.8435374149659864,0.3235674692134044,0.36298720744638824,0.2966840513000336,nan,nan,nan,nan,0.9065817409766455,0.6027397260273972,0.8641509433962264,nan,nan,nan,8,44
0.7909030573708671,0.7942857142857143,0.3109807617314442,0.35437985179957654,0.2802444453288827,nan,nan,nan,nan,0.8626609442060086,0.5769230769230769,0.8023715415019763,nan,nan,nan,9,44
0.8794045320578984,0.7792207792207793,0.23536439665471923,0.3285837606573051,0.19775250803240388,nan,nan,nan,nan,nan,nan,nan,0.2916666666666667,0.9187279151943463,0.569377990430622,10,44
0.8820037884371621,0.8018979833926453,0.24316489624689064,0.3229371176554275,0.2058915610279976,nan,nan,nan,nan,nan,nan,nan,0.37662337662337664,0.9370748299319728,0.5393258426966292,11,44
1.0591326015336173,0.7473309608540926,0.21734731658040424,0.31519905765017553,0.18451032230124328,nan,nan,nan,nan,nan,nan,nan,0.20212765957446807,0.9097472924187726,0.5487179487179488,12,44
0.9053584677832467,0.7921615201900237,0.23890006110300993,0.32720112948220725,0.20045779557265456,nan,nan,nan,nan,nan,nan,nan,0.3684210526315789,0.9384615384615385,0.4972375690607735,13,44
0.8755725813763482,0.7847800237812128,0.22164891485079402,0.32176668647256884,0.18797034510626714,nan,nan,nan,nan,nan,nan,nan,0.19718309859154928,0.9246575342465754,0.5698924731182796,14,44
2.275854394986079,0.2147165259348613,0.09273606780203085,0.290431447746884,0.055763158150426054,0.22824302134646962,0.1282051282051282,0.0,0.20118343195266272,nan,nan,nan,nan,nan,nan,0,45
2.336509943008423,0.1953883495145631,0.07044077640226196,0.29259740259740263,0.041928350287483415,0.21176470588235294,0.02857142857142857,0.0,0.17894736842105263,nan,nan,nan,nan,nan,nan,1,45
2.170178981927725,0.22073170731707317,0.08683190632162993,0.28980868285504047,0.05211806307281519,0.24161073825503357,0.0967741935483871,0.0,0.1827956989247312,nan,nan,nan,nan,nan,nan,2,45
0.82383246081216,0.7950169875424689,0.27544548965435706,0.3159606094388703,0.248211963564094,nan,nan,nan,nan,0.8675496688741722,0.5471698113207547,0.8191881918819188,nan,nan,nan,3,45
0.8538241748298917,0.8038768529076397,0.27735361533240344,0.3143436176648518,0.25129792599355355,nan,nan,nan,nan,0.8827292110874201,0.5740740740740741,0.8048780487804879,nan,nan,nan,4,45
0.7050799408129284,0.8203661327231121,0.2839382480584345,0.32044804480448047,0.2581018860615358,nan,nan,nan,nan,0.8927789934354485,0.5987654320987654,0.8313725490196079,nan,nan,nan,5,45
0.8457355925015041,0.7782857142857142,0.3076495454232724,0.35801293585523414,0.2754583276805499,nan,nan,nan,nan,0.86,0.532967032967033,0.8106995884773662,nan,nan,nan,6,45
0.8721627635615212,0.7911464245175936,0.27945561062601626,0.3195806804554611,0.2503237816795543,nan,nan,nan,nan,0.8558951965065502,0.618421052631579,0.7785977859778598,nan,nan,nan,7,45
0.6614539325237274,0.844671201814059,0.32318916045080187,0.36274069664068365,0.2965649778109959,nan,nan,nan,nan,0.9087048832271762,0.5958904109589042,0.8679245283018868,nan,nan,nan,8,45
0.7968241508517947,0.7942857142857143,0.3109807617314442,0.35437985179957654,0.2802444453288827,nan,nan,nan,nan,0.8626609442060086,0.5769230769230769,0.8023715415019763,nan,nan,nan,9,45
0.8795165164130074,0.7792207792207793,0.2351345398291177,0.32877652933832713,0.1974171853054129,nan,nan,nan,nan,nan,nan,nan,0.2916666666666667,0.9204946996466431,0.5645933014354066,10,45
0.8824113649981362,0.800711743772242,0.2430642023745705,0.3229312525608822,0.20570259655331888,nan,nan,nan,nan,nan,nan,nan,0.37662337662337664,0.935374149659864,0.5393258426966292,11,45
1.0605629767690385,0.7497034400948992,0.21792485081261967,0.31527487518866826,0.18528068444344656,nan,nan,nan,nan,nan,nan,nan,0.20212765957446807,0.9115523465703971,0.5538461538461539,12,45
0.9067081979342869,0.7933491686460807,0.23909279503381844,0.32739674763557186,0.2006477290959214,nan,nan,nan,nan,nan,nan,nan,0.3684210526315789,0.9401709401709402,0.4972375690607735,13,45
0.8762024747473853,0.7871581450653984,0.22350568634526757,0.3222444247089007,0.18931843627187586,nan,nan,nan,nan,nan,nan,nan,0.2112676056338028,0.928082191780822,0.5645161290322581,14,45
2.2797561425429125,0.21712907117008443,0.09371571945384524,0.2899374540103017,0.05651907773923689,0.22988505747126436,0.1282051282051282,0.0,0.20710059171597633,nan,nan,nan,nan,nan,nan,0,46
2.337948413995596,0.1966019417475728,0.07066788766788767,0.29263157894736846,0.04209641751437417,0.2134453781512605,0.02857142857142857,0.0,0.17894736842105263,nan,nan,nan,nan,nan,nan,1,46
2.170118286059453,0.22439024390243903,0.08855996944232239,0.2901315789473684,0.053361117124918825,0.24328859060402686,0.0967741935483871,0.0,0.1935483870967742,nan,nan,nan,nan,nan,nan,2,46
0.8290933626038688,0.7938844847112118,0.2751984014534734,0.315936154478793,0.24780195946405292,nan,nan,nan,nan,0.8675496688741722,0.5471698113207547,0.8154981549815498,nan,nan,nan,3,46
0.8589495271444321,0.8038768529076397,0.27735361533240344,0.3143436176648518,0.25129792599355355,nan,nan,nan,nan,0.8827292110874201,0.5740740740740741,0.8048780487804879,nan,nan,nan,4,46
0.7094795895474297,0.8180778032036613,0.2832673403535526,0.3203935582237469,0.2571728834711344,nan,nan,nan,nan,0.8905908096280087,0.5925925925925926,0.8313725490196079,nan,nan,nan,5,46
0.8506144455501011,0.7782857142857142,0.3076495454232724,0.35801293585523414,0.2754583276805499,nan,nan,nan,nan,0.86,0.532967032967033,0.8106995884773662,nan,nan,nan,6,46
0.8787276659693036,0.7888762769580022,0.2785625573684212,0.31902914804958155,0.24935018684822563,nan,nan,nan,nan,0.8537117903930131,0.6118421052631579,0.7785977859778598,nan,nan,nan,7,46
0.6648532939808709,0.8424036281179138,0.3222442647090132,0.3624478209043764,0.29544342064611795,nan,nan,nan,nan,0.9065817409766455,0.589041095890411,0.8679245283018868,nan,nan,nan,8,46
0.8020741705383573,0.7931428571428571,0.3108263299246693,0.3543697150989278,0.2799762049855351,nan,nan,nan,nan,0.8605150214592274,0.5769230769230769,0.8023715415019763,nan,nan,nan,9,46
0.8793952763080597,0.7780401416765053,0.23470002940498613,0.32876096755805945,0.19688555319483347,nan,nan,nan,nan,nan,nan,nan,0.2916666666666667,0.9204946996466431,0.5598086124401914,10,46
0.8825887186186654,0.8018979833926453,0.24316489624689064,0.3229371176554275,0.2058915610279976,nan,nan,nan,nan,nan,nan,nan,0.37662337662337664,0.9370748299319728,0.5393258426966292,11,46
1.061662690980094,0.7485172004744959,0.21745694176676228,0.3152082418386766,0.18471088387364598,nan,nan,nan,nan,nan,nan,nan,0.20212765957446807,0.9115523465703971,0.5487179487179488,12,46
0.9076854288578033,0.7969121140142518,0.23983769677200334,0.32743507514305475,0.20164146968450547,nan,nan,nan,nan,nan,nan,nan,0.3684210526315789,0.9435897435897436,0.5027624309392266,13,46
0.8767126415457044,0.7883472057074911,0.22360778912242937,0.3222517730496454,0.18950869502377843,nan,nan,nan,nan,nan,nan,nan,0.2112676056338028,0.9297945205479452,0.5645161290322581,14,46
2.2840575805077186,0.22074788902291917,0.09494907024530141,0.29010775481363715,0.0574392009405272,0.23316912972085385,0.1282051282051282,0.0,0.21301775147928995,nan,nan,nan,nan,nan,nan,0,47
2.340660205254188,0.20024271844660194,0.0713454932360541,0.2927310924369748,0.042600619195046444,0.2184873949579832,0.02857142857142857,0.0,0.17894736842105263,nan,nan,nan,nan,nan,nan,1,47
2.170733094215393,0.23414634146341465,0.09074758792405851,0.2898717948717949,0.05507324817781627,0.2550335570469799,0.0967741935483871,0.0,0.1989247311827957,nan,nan,nan,nan,nan,nan,2,47
0.8344924747943878,0.7927519818799547,0.2751439455557241,0.3163676098458707,0.24739195536401196,nan,nan,nan,nan,0.8675496688741722,0.5471698113207547,0.8118081180811808,nan,nan,nan,3,47
0.8639349575553622,0.8004561003420753,0.27639454830822774,0.3142245796815689,0.24992347306926174,nan,nan,nan,nan,0.8805970149253731,0.5679012345679012,0.8008130081300813,nan,nan,nan,4,47
0.7141421415976116,0.8157894736842105,0.28299530143476953,0.3203724448274211,0.2566866204028144,nan,nan,nan,nan,0.8862144420131292,0.5925925925925926,0.8313725490196079,nan,nan,nan,5,47
0.8559716429029193,0.776,0.3065981097745136,0.357929162518666,0.27402048568715237,nan,nan,nan,nan,0.8622222222222222,0.5274725274725275,0.8024691358024691,nan,nan,nan,6,47
0.8849428679261889,0.7866061293984109,0.2783400022553177,0.31901952918288257,0.24885116870014942,nan,nan,nan,nan,0.8537117903930131,0.618421052631579,0.7675276752767528,nan,nan,nan,7,47
0.6681705330099378,0.8424036281179138,0.3224719820701848,0.3629575184542824,0.29544342064611795,nan,nan,nan,nan,0.9065817409766455,0.589041095890411,0.8679245283018868,nan,nan,nan,8,47
0.8074360660144261,0.7908571428571428,0.3103688864327162,0.3543198938645117,0.2792138934959424,nan,nan,nan,nan,0.8583690987124464,0.5769230769230769,0.7984189723320159,nan,nan,nan,9,47
0.8795909072671618,0.7792207792207793,0.2366260453788012,0.3289643562240406,0.1984287630713767,nan,nan,nan,nan,nan,nan,nan,0.3055555555555556,0.9204946996466431,0.5598086124401914,10,47
0.8829676466328757,0.8018979833926453,0.24316489624689064,0.3229371176554275,0.2058915610279976,nan,nan,nan,nan,nan,nan,nan,0.37662337662337664,0.9370748299319728,0.5393258426966292,11,47
1.0634883897645133,0.7485172004744959,0.21709542692249842,0.31514958894821593,0.18434164487624813,nan,nan,nan,nan,nan,nan,nan,0.20212765957446807,0.9133574007220217,0.5435897435897435,12,47
0.90927854180336,0.7969121140142518,0.2393944002940543,0.3274152474259076,0.20121752966572198,nan,nan,nan,nan,nan,nan,nan,0.3684210526315789,0.9452991452991453,0.4972375690607735,13,47
0.8776930080992835,0.7859690844233056,0.2226248206368746,0.3222517730496454,0.18831395189355143,nan,nan,nan,nan,nan,nan,nan,0.2112676056338028,0.9297945205479452,0.553763440860215,14,47
2.2885310099675107,0.22195416164053075,0.0951623463380834,0.29015444015444014,0.05760340455300668,0.2348111658456486,0.1282051282051282,0.0,0.21301775147928995,nan,nan,nan,nan,nan,nan,0,48
2.343103665571946,0.20266990291262135,0.076776552814752,0.29207039337474117,0.04562582927908006,0.22016806722689075,0.05714285714285714,0.0,0.17894736842105263,nan,nan,nan,nan,nan,nan,1,48
2.1717124168689432,0.23536585365853657,0.09095866898058211,0.289902850772416,0.0552410334127156,0.25671140939597314,0.0967741935483871,0.0,0.1989247311827957,nan,nan,nan,nan,nan,nan,2,48
0.8394614202635629,0.7904869762174406,0.27431398794107287,0.31627824671302934,0.24628313924440423,nan,nan,nan,nan,0.8675496688741722,0.5408805031446541,0.8081180811808119,nan,nan,nan,3,48
0.869515557374273,0.8004561003420753,0.27669582217272004,0.3152781997828081,0.24992347306926174,nan,nan,nan,nan,0.8805970149253731,0.5679012345679012,0.8008130081300813,nan,nan,nan,4,48
0.7186159363814763,0.8135011441647597,0.2823193640139705,0.3203169195251539,0.255757617812413,nan,nan,nan,nan,0.8840262582056893,0.5864197530864198,0.8313725490196079,nan,nan,nan,5,48
0.8605993347508567,0.776,0.3065981097745136,0.357929162518666,0.27402048568715237,nan,nan,nan,nan,0.8622222222222222,0.5274725274725275,0.8024691358024691,nan,nan,nan,6,48
0.8914865595953805,0.7843359818388195,0.2776360809844957,0.3192101981984154,0.24771017044806165,nan,nan,nan,nan,0.8537117903930131,0.6118421052631579,0.7638376383763837,nan,nan,nan,7,48
0.6715372226067952,0.8424036281179138,0.3228756463238204,0.3629582015217421,0.295827886916472,nan,nan,nan,nan,0.9065817409766455,0.5958904109589042,0.8641509433962264,nan,nan,nan,8,48
0.8126847531114306,0.7908571428571428,0.3103688864327162,0.3543198938645117,0.2792138934959424,nan,nan,nan,nan,0.8583690987124464,0.5769230769230769,0.7984189723320159,nan,nan,nan,9,48
0.8797541431018284,0.7792207792207793,0.2366260453788012,0.3289643562240406,0.1984287630713767,nan,nan,nan,nan,nan,nan,nan,0.3055555555555556,0.9204946996466431,0.5598086124401914,10,48
0.8830597613539014,0.8018979833926453,0.24316489624689064,0.3229371176554275,0.2058915610279976,nan,nan,nan,nan,nan,nan,nan,0.37662337662337664,0.9370748299319728,0.5393258426966292,11,48
1.0647864043712616,0.7497034400948992,0.21756636450586944,0.31521739130434784,0.1849114454460487,nan,nan,nan,nan,nan,nan,nan,0.20212765957446807,0.9133574007220217,0.5487179487179488,12,48
0.9109346057687487,0.7969121140142518,0.2393944002940543,0.3274152474259076,0.20121752966572198,nan,nan,nan,nan,nan,nan,nan,0.3684210526315789,0.9452991452991453,0.4972375690607735,13,48
0.878343152148383,0.7871581450653984,0.22272674568944606,0.3222590953785644,0.18850421064545403,nan,nan,nan,nan,nan,nan,nan,0.2112676056338028,0.9315068493150684,0.553763440860215,14,48
2.292018780341515,0.2243667068757539,0.09553773687085051,0.28965398519538643,0.05793181177796562,0.23809523809523808,0.1282051282051282,0.0,0.21301775147928995,nan,nan,nan,nan,nan,nan,0,49
2.344668608445388,0.20631067961165048,0.0773966693966694,0.29150905432595575,0.04613003095975232,0.22521008403361345,0.05714285714285714,0.0,0.17894736842105263,nan,nan,nan,nan,nan,nan,1,49
2.1714876981881948,0.23658536585365852,0.09175156788379069,0.290625,0.055778667821317754,0.25671140939597314,0.0967741935483871,0.0,0.20430107526881722,nan,nan,nan,nan,nan,nan,2,49
0.8448784606797355,0.7893544733861835,0.27372853501827055,0.3162104133118626,0.24558432722483747,nan,nan,nan,nan,0.8675496688741722,0.5345911949685535,0.8081180811808119,nan,nan,nan,3,49
0.8745125787598746,0.8004561003420753,0.27655151939861544,0.31526217239075094,0.2497087125705551,nan,nan,nan,nan,0.8827292110874201,0.5679012345679012,0.7967479674796748,nan,nan,nan,4,49
0.7229563870600292,0.8112128146453089,0.28163896570065927,0.32026042740328453,0.2548286152220116,nan,nan,nan,nan,0.8818380743982495,0.5802469135802469,0.8313725490196079,nan,nan,nan,5,49
0.8660943933895656,0.776,0.3065981097745136,0.357929162518666,0.27402048568715237,nan,nan,nan,nan,0.8622222222222222,0.5274725274725275,0.8024691358024691,nan,nan,nan,6,49
0.8982916516917092,0.7843359818388195,0.27710023847615456,0.3189196192645148,0.24722177697529674,nan,nan,nan,nan,0.8558951965065502,0.6052631578947368,0.7638376383763837,nan,nan,nan,7,49
0.6753408589533397,0.8390022675736961,0.3223124530192934,0.36291169675478185,0.2948254032406318,nan,nan,nan,nan,0.9023354564755839,0.5958904109589042,0.8603773584905661,nan,nan,nan,8,49
0.8182499919618879,0.7908571428571428,0.31049816557223425,0.3546123223072717,0.2792138934959424,nan,nan,nan,nan,0.8583690987124464,0.5769230769230769,0.7984189723320159,nan,nan,nan,9,49
0.880346302475248,0.7792207792207793,0.2366260453788012,0.3289643562240406,0.1984287630713767,nan,nan,nan,nan,nan,nan,nan,0.3055555555555556,0.9204946996466431,0.5598086124401914,10,49
0.8832902354853494,0.8018979833926453,0.24316489624689064,0.3229371176554275,0.2058915610279976,nan,nan,nan,nan,nan,nan,nan,0.37662337662337664,0.9370748299319728,0.5393258426966292,11,49
1.066398756844657,0.7473309608540926,0.21734731658040424,0.31519905765017553,0.18451032230124328,nan,nan,nan,nan,nan,nan,nan,0.20212765957446807,0.9097472924187726,0.5487179487179488,12,49
0.9124905041285923,0.7980997624703088,0.23993805777201832,0.3274412201026517,0.20183140320777232,nan,nan,nan,nan,nan,nan,nan,0.3684210526315789,0.9452991452991453,0.5027624309392266,13,49
0.8795183449983597,0.7871581450653984,0.22471468479570433,0.3226602697816715,0.1898788971204685,nan,nan,nan,nan,nan,nan,nan,0.22535211267605634,0.9297945205479452,0.553763440860215,14,49
